12386热线为投资者挽回500多万元损失 [292, 541, 788, 713, 208, 574, 43, 212, 847, 551, 1245, 129, 655, 1276, 33, 33, 1019, 759, 958, 974, 118]
1845只基金二季度净赚4623亿元 [292, 713, 1038, 1276, 821, 172, 58, 765, 1305, 1268, 303, 399, 1038, 208, 541, 788, 251, 958]
32个省区市调整公积金政策 [788, 541, 202, 1086, 715, 836, 90, 580, 575, 1231, 58, 630, 395]
5月CPI料再次回落 [1276, 513, 796, 59, 961, 17, 348, 443, 655, 1282]
5月百城住宅均价环比由跌转涨 [1276, 513, 831, 475, 315, 682, 960, 750, 861, 968, 787, 1294, 902, 288]
6月规模以上工业企业利润同比降0.7% [208, 513, 1289, 610, 243, 182, 404, 194, 416, 194, 1269, 781, 1010, 968, 964, 33, 862, 458, 1266]
6月货币信贷增长超预期 [208, 513, 1267, 1242, 1065, 1278, 937, 676, 344, 1089, 278]
722只股票周跌幅超30% 金融钢铁板块表现抗跌 [458, 541, 541, 821, 198, 85, 76, 1294, 306, 344, 788, 33, 1266, 23, 58, 685, 1265, 875, 340, 969, 741, 625, 15, 1294]
7大类重大工程包已完成投资3.3万亿元 [458, 616, 830, 388, 616, 404, 429, 757, 1150, 269, 352, 847, 551, 788, 862, 788, 759, 251, 958]
7月101家公司拟定增募资800亿元 [458, 513, 292, 33, 292, 459, 575, 1318, 735, 772, 937, 376, 551, 713, 33, 33, 251, 958]
7月70个大中城市新房均价环比涨0.16% [458, 513, 458, 33, 202, 616, 946, 475, 836, 950, 792, 960, 750, 861, 968, 288, 33, 862, 292, 208, 1266]
7月以来100多家上市公司公布员工持股计划 [458, 513, 243, 157, 292, 33, 33, 1019, 459, 182, 836, 575, 1318, 575, 422, 64, 404, 420, 198, 362, 186]
7月全国财政收入同比增12.5% [458, 513, 899, 913, 1023, 630, 712, 1141, 1010, 968, 937, 292, 541, 862, 1276, 1266]
7月百城新建住宅均价环比连续上涨 [458, 513, 831, 475, 950, 338, 315, 682, 960, 750, 861, 968, 488, 901, 182, 288]
8月以来产业资本净增持逾92亿元 [713, 513, 243, 157, 702, 194, 551, 860, 303, 937, 420, 874, 953, 541, 251, 958]
A股渐企稳 开启新轮动 [302, 198, 1012, 416, 1112, 23, 1159, 453, 950, 410, 1106]
A股纳入MSCI只是时间问题 [302, 198, 374, 1141, 639, 806, 796, 961, 821, 117, 828, 671, 165, 770]
A股走向慢牛 [302, 198, 905, 240, 403, 483]
IMF认为人民币汇率不再低估 [961, 639, 220, 941, 212, 300, 928, 1242, 1122, 179, 926, 348, 390, 1189]
PE巨头中科招商举牌五家公司 [59, 1288, 330, 1190, 946, 326, 398, 720, 547, 55, 103, 459, 575, 1318]
“一带一路”战略为金融创新提供发展空间 [359, 1000, 1182, 1000, 576, 606, 1017, 491, 212, 58, 685, 440, 950, 643, 1176, 391, 646, 912, 671]
“价格倒挂”个股掘金路径浮现 [359, 750, 381, 521, 2, 606, 202, 198, 1257, 58, 576, 197, 80, 625]
“创客”打造上市公司业绩增长第三极 [359, 440, 110, 606, 1130, 137, 182, 836, 575, 1318, 194, 571, 937, 676, 204, 592, 999]
“刷脸时代”牵出人脸识别千亿市场 [359, 123, 870, 828, 402, 606, 989, 1157, 300, 870, 469, 449, 1287, 251, 836, 167]
“十三五”医药医疗重点突破领域划定 [359, 464, 592, 103, 606, 628, 983, 628, 1172, 388, 869, 507, 1311, 265, 237, 186, 772]
“双率”下调稳增长再发力 [359, 314, 179, 606, 1091, 90, 1112, 937, 676, 348, 391, 357]
“杠杆杀”弱化 股市波动料减缓 [359, 1221, 1049, 1196, 606, 1111, 355, 23, 198, 836, 1306, 1106, 17, 647, 601]
三大运营商集体换帅强化电信业改革预期 [592, 616, 1296, 614, 720, 1291, 644, 70, 262, 41, 355, 457, 1065, 194, 125, 492, 1089, 278]
三季度“全面牛”或转向“结构牛” [592, 1305, 1268, 359, 899, 737, 483, 606, 523, 902, 240, 359, 982, 263, 483, 606]
上半年险资权益类投资占比大幅上升 [182, 723, 84, 662, 551, 632, 312, 830, 847, 551, 568, 968, 616, 306, 182, 307]
上周证券保证金净流入40亿元 [182, 76, 383, 1040, 734, 383, 58, 303, 794, 1141, 1038, 33, 251, 958]
上市公司“炒股”成绩可观 [182, 836, 575, 1318, 359, 602, 198, 606, 352, 571, 903, 465]
上市公司保定增谋自救 调整策略竭力提振股价 [182, 836, 575, 1318, 734, 772, 937, 762, 1144, 805, 23, 90, 580, 395, 491, 245, 357, 643, 947, 198, 750]
上市公司出招应对定增破发潮 [182, 836, 575, 1318, 1157, 398, 586, 1080, 772, 937, 1311, 391, 1097]
上海推出“金融20条” 支持科创中心建设 [182, 1315, 1270, 1157, 359, 58, 685, 541, 33, 1138, 606, 23, 622, 420, 326, 440, 946, 549, 338, 1118]
上证综指站上5周均线 一周上涨5.91% [182, 383, 832, 264, 1213, 182, 1276, 76, 960, 43, 23, 1000, 76, 182, 288, 1276, 862, 953, 292, 1266]
下半年楼市料延续量升价稳态势 [1091, 723, 84, 585, 836, 17, 1316, 901, 1206, 307, 750, 1112, 259, 716]
两市成交创近五个月新低 [25, 836, 352, 112, 440, 1054, 103, 202, 513, 950, 390]
两市资金净流出规模骤降千亿 [25, 836, 551, 58, 303, 794, 1157, 1289, 610, 780, 964, 1287, 251]
两融余额四连升 轮动快速透谨慎 [25, 685, 481, 526, 1061, 488, 307, 23, 410, 1106, 1227, 1099, 1093, 27, 726]
两融余额日增幅创4个月新高 [25, 685, 481, 526, 1060, 937, 306, 440, 1038, 202, 513, 950, 1134]
两融余额降至1.24万亿元 [25, 685, 481, 526, 964, 906, 292, 862, 541, 1038, 759, 251, 958]
中国大妈为啥“养不熟”港股 [946, 913, 616, 923, 212, 234, 359, 337, 926, 1178, 606, 689, 198]
中国式去杠杆利用优先股空中加油 [946, 913, 270, 545, 1221, 1049, 1269, 201, 524, 880, 198, 912, 946, 444, 209]
中国石化去年环保整治投入逾120亿元 [946, 913, 578, 355, 545, 84, 861, 734, 580, 714, 847, 1141, 874, 292, 541, 33, 251, 958]
中小创公司业绩增长较快机构掘金超跌绩优股 [946, 432, 440, 575, 1318, 194, 571, 937, 676, 508, 1227, 242, 263, 1257, 58, 344, 1294, 571, 524, 198]
中概股回归A股政策通道拓宽 [946, 423, 198, 655, 729, 302, 198, 630, 395, 1177, 822, 1056, 42]
中石化等央企控股股东出手增持 [946, 578, 355, 1123, 707, 416, 200, 198, 198, 696, 1157, 471, 937, 420]
中科招商计划5年增持50家公司 不排除借壳上市 [946, 326, 398, 720, 362, 186, 1276, 84, 937, 420, 1276, 33, 459, 575, 1318, 23, 926, 101, 72, 1277, 747, 182, 836]
中证协：场外配资平仓占比很小 [946, 383, 965, 19, 167, 16, 473, 551, 499, 393, 568, 968, 593, 432]
主题投资升温央企整合预期再燃 [1116, 770, 847, 551, 307, 617, 707, 416, 580, 6, 1089, 278, 348, 876]
举牌大戏将引发股权争夺战 [547, 55, 616, 766, 838, 102, 391, 198, 632, 512, 1041, 1017]
二季度主要经济指标回暖 上半年GDP增长7% [765, 1305, 1268, 1116, 0, 56, 57, 264, 425, 655, 1255, 23, 182, 723, 84, 468, 1048, 59, 937, 676, 458, 1266]
互联网金融发展将步入新阶段 [929, 1058, 1129, 58, 685, 391, 646, 838, 815, 1141, 950, 1192, 710]
亚投行协定签署“走出去”概念或反弹 [275, 847, 389, 965, 772, 1085, 748, 359, 905, 1157, 545, 606, 423, 83, 523, 54, 460]
人民币不会趋势性贬值 [300, 928, 1242, 926, 81, 841, 716, 447, 1187, 904]
今年夏粮总产或再创新高 [1136, 84, 1252, 291, 127, 702, 523, 348, 440, 950, 1134]
伞形信托未现大规模平仓 [361, 394, 1065, 1016, 29, 625, 616, 1289, 610, 499, 393]
保监会：养老金投资范围比照险资执行 [734, 1208, 81, 19, 337, 177, 58, 847, 551, 1244, 170, 968, 660, 662, 551, 159, 389]
保监会：推动商业健康保险专业化经营 [734, 1208, 81, 19, 1270, 1106, 720, 194, 1307, 711, 734, 662, 436, 194, 355, 56, 614]
入市热情提升 两融余额连增 [1141, 836, 574, 1198, 643, 307, 23, 25, 685, 481, 526, 488, 937]
全年固定资产投资增速有望达到12%左右 [899, 84, 658, 772, 551, 702, 847, 551, 937, 1099, 427, 1258, 463, 373, 292, 541, 1266, 818, 1233]
公开市场单日资金净投放创半年新高 [575, 1159, 836, 167, 808, 1060, 551, 58, 303, 847, 44, 440, 723, 84, 950, 1134]
养老金投资管理办法发布实施 [337, 177, 58, 847, 551, 795, 1030, 1263, 561, 391, 422, 1100, 1042]
内蒙古西部电网输配电价改革试点方案获批 [1002, 191, 978, 1321, 819, 457, 1129, 520, 473, 457, 750, 125, 492, 730, 869, 38, 722, 207, 1317]
创新完善宏观调控方式 进一步转变政府职能 [440, 950, 269, 590, 843, 465, 90, 200, 38, 270, 23, 1215, 1000, 815, 902, 1301, 630, 773, 966, 584]
券商5月业绩继续飘红 [1040, 720, 1276, 513, 194, 571, 739, 901, 811, 940]
券商开始“挑挑拣拣” [1040, 720, 1159, 222, 359, 434, 434, 1067, 1067, 606]
券商自查场外配资伞形信托暂无虞 [1040, 720, 1144, 71, 167, 16, 473, 551, 361, 394, 1065, 1016, 919, 976, 566]
券商调降两融杠杆渐成常态 [1040, 720, 90, 964, 25, 685, 1221, 1049, 1012, 352, 380, 259]
前5月商品房销售额增长3.1% [313, 1276, 513, 720, 1243, 792, 835, 32, 526, 937, 676, 788, 862, 292, 1266]
加强程序化交易监管维护资本市场稳定 [444, 41, 429, 10, 355, 112, 1230, 1208, 795, 957, 679, 551, 860, 836, 167, 1112, 772]
十大机构论市：上有压力下有托底围绕中报提前布局 [464, 616, 242, 263, 790, 836, 19, 182, 427, 514, 357, 1091, 427, 1016, 187, 170, 230, 946, 855, 643, 313, 422, 718]
南北车完成换股 [321, 273, 1070, 269, 352, 70, 198]
反弹再下一城 千股涨停延续 [54, 460, 348, 1091, 1000, 475, 23, 1287, 198, 288, 400, 1316, 901]
发改委公布13个PPP项目指导案例 [391, 125, 1298, 575, 422, 292, 788, 202, 59, 59, 59, 993, 667, 264, 339, 722, 1165]
发改委增加重大工程投入 多方拓宽融资渠道 [391, 125, 1298, 937, 444, 388, 616, 404, 429, 847, 1141, 23, 1019, 38, 1056, 42, 685, 551, 1022, 822]
发改委实施新兴产业六大重大工程包 [391, 125, 1298, 1100, 1042, 950, 1235, 702, 194, 496, 616, 388, 616, 404, 429, 757]
发改委拟编制促进中部地区崛起规划 [391, 125, 1298, 735, 763, 544, 597, 1215, 946, 819, 533, 715, 934, 650, 1289, 186]
发改委：将制定出台政府投资条例 [391, 125, 1298, 19, 838, 544, 772, 1157, 668, 630, 773, 847, 551, 1138, 1165]
发改委：工业生产连续3个月回升 [391, 125, 1298, 19, 404, 194, 608, 702, 488, 901, 788, 202, 513, 655, 307]
各路资本挖掘汽车后市场 [345, 576, 551, 860, 858, 1257, 1319, 1070, 183, 836, 167]
同花顺及恒生电子子公司被立案调查 [1010, 538, 1239, 802, 560, 608, 457, 559, 559, 575, 1318, 28, 387, 722, 90, 71]
向历史大顶6124点前进 [240, 426, 169, 616, 253, 208, 292, 541, 1038, 869, 313, 1215]
商业银行法修正案草案拟取消存贷比监管红线 [720, 194, 992, 389, 561, 497, 1205, 722, 119, 722, 735, 480, 267, 1214, 1278, 968, 1208, 795, 940, 43]
国企改革“1+N”为能源企业改革护航 [913, 416, 125, 492, 359, 292, 115, 882, 606, 212, 584, 1094, 416, 194, 125, 492, 679, 859]
国企改革主题基金密集发行 [913, 416, 125, 492, 1116, 770, 172, 58, 116, 1291, 391, 389]
国企改革方案出台预期增强 央企整合又至风口 [913, 416, 125, 492, 38, 722, 1157, 668, 1089, 278, 937, 41, 23, 707, 416, 580, 6, 1292, 906, 484, 1222]
国企财税金融三大领域改革将提速 [913, 416, 1023, 1168, 58, 685, 592, 616, 265, 237, 125, 492, 838, 643, 1099]
国务院常务会议指出经济发展中积极因素不断增加 [913, 528, 894, 380, 528, 81, 1110, 264, 1157, 56, 57, 391, 646, 946, 1231, 999, 1139, 853, 926, 1031, 937, 444]
国务院推进农村“两权”抵押贷款试点 [913, 528, 894, 1270, 1215, 607, 154, 359, 25, 632, 606, 867, 130, 1278, 1044, 730, 869]
国开行成碧水源第三大股东 [913, 1159, 389, 352, 367, 619, 1094, 204, 592, 616, 198, 696]
国开行成碧水源第三大股东  国有资本入股环保民企 [913, 1159, 389, 352, 367, 619, 1094, 204, 592, 616, 198, 696, 23, 108, 913, 427, 551, 860, 1141, 198, 861, 734, 928, 416]
国资委公布国电投领导班子成员名单 [913, 551, 1298, 575, 422, 913, 457, 847, 265, 339, 78, 559, 352, 64, 1250, 808]
国资委将进一步完善央企激励分配政策 [913, 551, 1298, 838, 1215, 1000, 815, 269, 590, 707, 416, 1286, 529, 511, 473, 630, 395]
国资委：推动央企子企业整合发展 [913, 551, 1298, 19, 1270, 1106, 707, 416, 559, 416, 194, 580, 6, 391, 646]
城商行料“潮涌”资本市场 [475, 720, 389, 17, 359, 1097, 1251, 606, 551, 860, 836, 167]
基金经理再议“风格切换” [172, 58, 56, 1030, 348, 1110, 359, 484, 381, 94, 70, 606]
增量资金入市 成长股聚人气 [937, 1206, 551, 58, 1141, 836, 23, 352, 676, 198, 1216, 300, 354]
多公司大股东违规减持遭调查 [1019, 575, 1318, 616, 198, 696, 370, 1289, 647, 420, 665, 90, 71]
多家券商暂停融券卖出交易 [1019, 459, 1040, 720, 919, 400, 685, 1040, 1008, 1157, 112, 1230]
多家终止重组公司股价蹊跷大涨 [1019, 459, 470, 1117, 388, 135, 575, 1318, 198, 750, 223, 1236, 616, 288]
大佬彪悍扫货 野蛮人逆势围猎上市公司 [616, 100, 77, 515, 494, 1267, 23, 804, 1259, 300, 180, 716, 170, 1011, 182, 836, 575, 1318]
大盘调整加剧顺势而为 [616, 482, 90, 580, 444, 896, 1239, 716, 349, 212]
大股东增持力度成投资风向标 [616, 198, 696, 937, 420, 357, 1268, 352, 847, 551, 484, 240, 425]
大股东展开自救 并购基金成“特效药” [616, 198, 696, 646, 1159, 1144, 805, 23, 1237, 1108, 172, 58, 352, 359, 731, 221, 983, 606]
大股东牛市减持“三十六计” [616, 198, 696, 483, 836, 647, 420, 359, 592, 464, 496, 362, 606]
央企上市公司股份遭减持应区别看待 [707, 416, 182, 836, 575, 1318, 198, 161, 665, 647, 420, 586, 715, 449, 1249, 3]
央行将给予证金公司流动性支持 [707, 389, 838, 563, 428, 383, 58, 575, 1318, 794, 1106, 447, 622, 420]
央行开展MLF操作投放1100亿元 [707, 389, 1159, 646, 639, 774, 220, 1204, 889, 847, 44, 292, 292, 33, 33, 251, 958]
央行：3%贬值压力得到一次性释放 [707, 389, 19, 788, 1266, 1187, 904, 514, 357, 849, 373, 1000, 443, 447, 1125, 44]
央行：下半年继续实施稳健货币政策 [707, 389, 19, 1091, 723, 84, 739, 901, 1100, 1042, 1112, 1307, 1267, 1242, 630, 395]
央行：五因素决定人民币不会持续贬值 [707, 389, 19, 103, 1139, 853, 865, 772, 300, 928, 1242, 926, 81, 420, 901, 1187, 904]
央行：境内原油期货交易以人民币计价结算 [707, 389, 19, 680, 1002, 851, 209, 278, 1267, 112, 1230, 243, 300, 928, 1242, 362, 750, 982, 189]
央行：多举措防范风险维护消费者权益 [707, 389, 19, 1019, 547, 784, 866, 1244, 484, 662, 957, 679, 267, 728, 1245, 632, 312]
央行：更加注重松紧适度及时预调微调 [707, 389, 19, 178, 444, 909, 388, 419, 789, 509, 1268, 802, 828, 1089, 90, 454, 90]
央行：灵活运用多种货币政策工具 [707, 389, 19, 1314, 954, 1296, 201, 1019, 962, 1267, 1242, 630, 395, 404, 672]
央行：继续加快推进利率市场化改革 [707, 389, 19, 739, 901, 444, 1227, 1270, 1215, 1269, 179, 836, 167, 355, 125, 492]
央行：进一步推动资本项目可兑换改革 [707, 389, 19, 1215, 1000, 815, 1270, 1106, 551, 860, 993, 667, 903, 143, 70, 125, 492]
宏观经济向好增强股市健康发展信心 [843, 465, 56, 57, 240, 504, 937, 41, 198, 836, 1307, 711, 391, 646, 1065, 549]
定向宽松有望逐步发力 [772, 240, 42, 419, 427, 1258, 12, 815, 391, 357]
山东千亿养老金结余委托全国社保基金投资 [985, 696, 1287, 251, 337, 177, 58, 982, 481, 1298, 1016, 899, 913, 717, 734, 172, 58, 847, 551]
巨头纷纷加码人脸识别产业受关注 [330, 1190, 219, 219, 444, 1297, 300, 870, 469, 449, 702, 194, 232, 987, 909]
市场人气回暖 两融余额连续攀升 [836, 167, 300, 354, 655, 1255, 23, 25, 685, 481, 526, 488, 901, 1004, 307]
年内可能继续降息降准 [84, 1002, 903, 584, 739, 901, 964, 1146, 964, 196]
急跌之后有反复不宜盲目抢反弹 [970, 1294, 1124, 183, 427, 54, 431, 926, 277, 988, 667, 282, 54, 460]
情绪逐渐回升市场收复失地可期 [1198, 332, 12, 1012, 655, 307, 836, 167, 712, 431, 118, 533, 903, 278]
房地产公司股权项目扎堆挂牌 [792, 533, 702, 575, 1318, 198, 632, 993, 667, 1207, 567, 2, 55]
技术性反抽临近力度不宜乐观 [421, 290, 447, 54, 213, 36, 1054, 357, 1268, 926, 277, 1055, 465]
抑投机去杠杆 回归“健康牛” [518, 847, 242, 545, 1221, 1049, 23, 655, 729, 359, 1307, 711, 483, 606]
护盘政策“全垒打” 多看少动盼反弹 [679, 482, 630, 395, 359, 899, 767, 1130, 606, 23, 1019, 1249, 353, 1106, 984, 54, 460]
挂牌“井喷” 新三板成交低迷 [2, 55, 359, 1081, 1191, 606, 23, 950, 592, 340, 352, 112, 390, 908]
挂牌机构作壁上观 费用持续上升 [2, 55, 242, 263, 889, 215, 182, 465, 23, 728, 201, 420, 901, 182, 307]
支付新规对基金电商销售渠道影响有限 [622, 190, 950, 1289, 1080, 172, 58, 457, 720, 835, 32, 1022, 822, 1148, 638, 427, 980]
政策密集推动国企改革加速 [630, 395, 116, 1291, 1270, 1106, 913, 416, 125, 492, 444, 1099]
政策红利促进旅游投资持续增长 [630, 395, 940, 1269, 597, 1215, 385, 886, 847, 551, 420, 901, 937, 676]
新三板个股涨少跌多 [950, 592, 340, 202, 198, 288, 353, 1294, 1019]
新三板年报披露大限警示“强制摘牌”风险 [950, 592, 340, 84, 855, 371, 709, 616, 980, 406, 1066, 359, 41, 544, 252, 55, 606, 484, 662]
新三板成交额创近5个月新低 [950, 592, 340, 352, 112, 526, 440, 1054, 1276, 202, 513, 950, 390]
新华百货与私募股东纷争再起 [950, 1053, 831, 1267, 517, 45, 376, 198, 696, 219, 512, 348, 650]
方正证券遭证监会立案调查 [38, 1205, 383, 1040, 665, 383, 1208, 81, 387, 722, 90, 71]
方正证券重组民族证券管理层 [38, 1205, 383, 1040, 388, 135, 928, 557, 383, 1040, 795, 1030, 1197]
暴风科技辟谣董事长增持100股传言 [122, 484, 326, 421, 1113, 109, 155, 1007, 676, 937, 420, 292, 33, 33, 198, 1180, 343]
最高法：民间借贷利率超36%部分无效 [346, 1134, 561, 19, 928, 671, 1277, 1278, 1269, 179, 344, 788, 208, 1266, 819, 511, 976, 221]
期指交割日难现“多空大战” [278, 264, 112, 250, 1060, 631, 625, 359, 1019, 912, 616, 1017, 606]
李克强强调紧密结合“一带一路”战略积极推动国际产能合作 [971, 311, 41, 41, 90, 789, 116, 982, 6, 359, 1000, 1182, 1000, 576, 606, 1017, 491, 1231, 999, 1270, 1106, 913, 439, 702, 584, 6, 889]
李克强：促进科技与大众创业万众创新深度融合 [971, 311, 41, 19, 597, 1215, 326, 421, 517, 616, 931, 440, 194, 759, 931, 440, 950, 746, 1268, 685, 6]
李克强：拓宽经济增长与环境改善双赢之路 [971, 311, 41, 19, 1056, 42, 56, 57, 937, 676, 517, 861, 680, 125, 590, 314, 1068, 1124, 576]
李克强：重点扩大高端制造业服务业等对外开放 [971, 311, 41, 19, 388, 869, 1309, 616, 1134, 745, 544, 137, 194, 764, 528, 194, 1123, 1080, 16, 1159, 44]
楼继伟：推动积极财政政策加力增效 [585, 739, 296, 19, 1270, 1106, 1231, 999, 1023, 630, 630, 395, 444, 357, 937, 221]
民航局力推193个大中型项目建设 [928, 859, 718, 357, 1270, 292, 953, 788, 202, 616, 946, 408, 993, 667, 338, 1118]
汇率稳+经济稳 人民币资产吸引力不减 [1122, 179, 1112, 115, 56, 57, 1112, 23, 300, 928, 1242, 551, 702, 39, 102, 357, 926, 647]
沪深交易所规范融券交易 融券卖出后次日方可还券 [620, 746, 112, 1230, 384, 1289, 1244, 685, 1040, 112, 1230, 23, 685, 1040, 1008, 1157, 183, 443, 1060, 38, 903, 1173, 1040]
沪港通双向净流入 [620, 689, 1177, 314, 240, 303, 794, 1141]
沪股通两周首现净流入 [620, 198, 1177, 25, 76, 105, 625, 303, 794, 1141]
沪股通重现资金净流出 [620, 198, 1177, 388, 625, 551, 58, 303, 794, 1157]
流动性边际趋紧  降准预期升温 [794, 1106, 447, 379, 439, 841, 789, 23, 108, 964, 196, 1089, 278, 307, 617]
深交所公开42家上市公司年报问询函 [746, 112, 384, 575, 1159, 1038, 541, 459, 182, 836, 575, 1318, 84, 855, 165, 156, 418]
混业+混改 银行欲“混”出新颜 [799, 194, 115, 799, 125, 23, 992, 389, 35, 359, 799, 606, 1157, 950, 441]
清理场外配资P2P撇清干系 [192, 1030, 167, 16, 473, 551, 59, 541, 59, 1003, 192, 907, 751]
火爆出境游添金航企中期业绩 [162, 372, 1157, 680, 886, 911, 58, 859, 416, 946, 278, 194, 571]
煤炭行业整合重组步伐将提速 [1223, 535, 389, 194, 580, 6, 388, 135, 815, 1169, 838, 643, 1099]
牛市根基坚实做多氛围浓厚 [483, 836, 392, 172, 66, 1100, 699, 1019, 771, 170, 318, 613]
牛市预期望重塑风险偏好待提升 [483, 836, 1089, 278, 1258, 388, 317, 484, 662, 1127, 504, 3, 643, 307]
用调整拉长牛市 [201, 90, 580, 1201, 676, 483, 836]
百亿交叉持股阿里苏宁闪电结盟 [831, 251, 112, 1050, 420, 198, 131, 640, 725, 342, 495, 457, 982, 67]
百亿员工持股计划蜂拥而至 [831, 251, 64, 404, 420, 198, 362, 186, 681, 895, 349, 906]
监管政策落地 互联网金融业洗牌料加速 [1208, 795, 630, 395, 1282, 533, 23, 929, 1058, 1129, 58, 685, 194, 1254, 55, 17, 444, 1099]
看多后市 券商认为抄底良机渐现 [1249, 1019, 183, 836, 23, 1040, 720, 941, 212, 758, 187, 823, 242, 1012, 625]
看清大格局迎接建仓良机 [1249, 192, 616, 381, 718, 150, 700, 338, 393, 823, 242]
私募大佬崔军再发难 新华百货僵局难破 [45, 376, 616, 100, 522, 193, 348, 391, 631, 23, 950, 1053, 831, 1267, 1234, 718, 631, 1311]
私募大佬理性看市：下跌中蕴藏新机会 [45, 376, 616, 100, 1030, 447, 1249, 836, 19, 1091, 1294, 946, 793, 634, 950, 242, 81]
私募遭“当头棒喝”：300只产品逼近清盘线 [45, 376, 665, 359, 1145, 1190, 645, 1020, 606, 19, 788, 33, 33, 821, 702, 1243, 914, 1054, 192, 482, 43]
积极财政政策不变 调稳健货币政策松紧适度 [1231, 999, 1023, 630, 630, 395, 926, 1301, 23, 90, 1112, 1307, 1267, 1242, 630, 395, 419, 789, 509, 1268]
税务总局：严禁“自己人”违规插手涉税中介经营 [1168, 528, 127, 718, 19, 283, 1, 359, 1144, 1001, 300, 606, 370, 1289, 144, 471, 5, 1168, 946, 1051, 56, 614]
稳增长再出招万亿地方债解压 [1112, 937, 676, 348, 1157, 398, 759, 251, 533, 38, 1194, 893, 514]
稳增长政策不停歇 调整夯实慢牛走势 [1112, 937, 676, 630, 395, 926, 400, 446, 23, 90, 580, 1273, 1100, 403, 483, 905, 716]
稳增长连放“大招” 经济有望企稳回升 [1112, 937, 676, 488, 44, 359, 616, 398, 606, 23, 56, 57, 427, 1258, 416, 1112, 655, 307]
系统谋划“十三五”经济社会发展 [751, 347, 762, 186, 359, 464, 592, 103, 606, 56, 57, 717, 81, 391, 646]
线上与线下资本联姻催生实体店重估浪潮 [43, 182, 517, 43, 1091, 551, 860, 1058, 254, 452, 608, 1100, 644, 690, 388, 1189, 409, 1097]
经济增长动能进一步向服务业倾斜 [56, 57, 937, 676, 1106, 584, 1215, 1000, 815, 240, 764, 528, 194, 52, 1261]
经济尚存隐忧货币料有后手 [56, 57, 525, 1214, 1225, 897, 1267, 1242, 17, 427, 183, 471]
经济底部夯实 内生动力增长 [56, 57, 187, 819, 1273, 1100, 23, 1002, 608, 1106, 357, 937, 676]
经济转型升级离不开稳定健康的资本市场 [56, 57, 902, 408, 307, 158, 211, 926, 1159, 1112, 772, 1307, 711, 93, 551, 860, 836, 167]
美联储按兵不动人民币盘局待破 [433, 1058, 783, 1090, 1151, 926, 1106, 300, 928, 1242, 482, 718, 3, 1311]
股价难料 定增遭遇多重尴尬 [198, 750, 631, 17, 23, 772, 937, 665, 351, 1019, 388, 1126, 1032]
股市大跌证明应股票T+0而非期指T+1 [198, 836, 616, 1294, 383, 239, 586, 198, 85, 998, 115, 33, 349, 401, 278, 264, 998, 115, 292]
股票期权组合策略业务细则公开征求意见 [198, 85, 278, 632, 135, 6, 395, 491, 194, 528, 1107, 1256, 575, 1159, 991, 65, 884, 260]
肥猪端午前后集中出栏 猪价涨幅趋缓 [1181, 706, 745, 1202, 313, 183, 1291, 946, 1157, 1210, 23, 706, 750, 288, 306, 841, 601]
获利盘尚待消化 286亿元借反弹离场 [207, 1269, 482, 525, 3, 267, 355, 23, 541, 713, 208, 251, 958, 1277, 54, 460, 211, 167]
董监高增持承诺密集落地 [155, 1208, 1134, 937, 420, 833, 977, 116, 1291, 1282, 533]
融资净买入额创近2月新高 27个行业获融资客加仓 [685, 551, 303, 1076, 1141, 526, 440, 1054, 541, 513, 950, 1134, 23, 541, 458, 202, 389, 194, 207, 685, 551, 110, 444, 393]
融资净偿还额持续下降 [685, 551, 303, 1158, 1173, 526, 420, 901, 1091, 964]
融资客谨慎加仓 融券大军逐渐离场 [685, 551, 110, 27, 726, 444, 393, 23, 685, 1040, 616, 193, 12, 1012, 211, 167]
融资盘撤离 两融余额下破2万亿 [685, 551, 482, 1302, 211, 23, 25, 685, 481, 526, 1091, 1311, 541, 759, 251]
证券经营机构对港澳进一步开放 [383, 1040, 56, 614, 242, 263, 1080, 689, 540, 1215, 1000, 815, 1159, 44]
证监会优化两融机制：可展期不强平 [383, 1208, 81, 524, 355, 25, 685, 242, 544, 19, 903, 646, 278, 926, 41, 499]
证监会抓紧制定股权众筹融资试点监管规则 [383, 1208, 81, 1013, 789, 544, 772, 198, 632, 931, 1154, 685, 551, 730, 869, 1208, 795, 1289, 1256]
证监会提醒：市场基本格局未变理性看待波幅加大 [383, 1208, 81, 643, 437, 19, 836, 167, 172, 860, 381, 718, 29, 1301, 1030, 447, 1249, 3, 1306, 306, 444, 616]
证监会清理整顿违法从事证券业务活动 [383, 1208, 81, 192, 1030, 580, 335, 370, 561, 642, 1007, 383, 1040, 194, 528, 954, 1106]
证监会赴恒生电子核查有关线索 [383, 1208, 81, 148, 560, 608, 457, 559, 233, 71, 427, 987, 43, 807]
证监会：严厉打击造谣传谣行为 [383, 1208, 81, 19, 283, 1005, 1130, 151, 137, 109, 1180, 109, 389, 212]
证监会：发展程序化交易尤应审慎 [383, 1208, 81, 19, 391, 646, 429, 10, 355, 112, 1230, 366, 586, 1025, 726]
证监会：回调过快不利于股市平稳健康发展 [383, 1208, 81, 19, 655, 90, 878, 1227, 926, 1269, 598, 198, 836, 499, 1112, 1307, 711, 391, 646]
证监会：支持适时开展“深港通” [383, 1208, 81, 19, 622, 420, 509, 828, 1159, 646, 359, 746, 689, 1177, 606]
证监会：注册制改革需循序渐进稳步实施 [383, 1208, 81, 19, 909, 1105, 544, 125, 492, 485, 530, 10, 1012, 1215, 1112, 815, 1100, 1042]
证监会：跨市场跨期现操纵属于恶意做空 [383, 1208, 81, 19, 581, 836, 167, 581, 278, 625, 1204, 206, 238, 598, 139, 884, 699, 912]
证金公司借“基”入市稳字当先 [383, 58, 575, 1318, 1277, 359, 172, 606, 1141, 836, 1112, 510, 1145, 880]
评析消费信托的三大优势探其具体功效 [959, 1253, 267, 728, 1065, 1016, 93, 592, 616, 524, 716, 284, 472, 672, 644, 697, 221]
资金抓大弃小二八转换再现 [551, 58, 1013, 616, 588, 432, 765, 331, 902, 70, 348, 625]
资金持续进场“水涨船高”人气回升 [551, 58, 420, 901, 1215, 167, 359, 619, 288, 1279, 1134, 606, 300, 354, 655, 307]
超级“机构”58亿元买入30只股票 [344, 158, 359, 242, 263, 606, 1276, 713, 251, 958, 1076, 1141, 788, 33, 821, 198, 85]
超跌反弹一触即发 [344, 1294, 54, 460, 1000, 160, 1313, 391]
连平：本轮降息已接近尾声 [488, 499, 19, 860, 410, 964, 1146, 1150, 700, 1054, 214, 942]
退市复市制度冰火两重天*ST公司脱帽摘星大考 [4, 836, 431, 836, 544, 1268, 293, 162, 25, 388, 782, 1185, 806, 998, 575, 1318, 698, 956, 252, 107, 616, 755]
逾900家上市公司停牌 [874, 953, 33, 33, 459, 182, 836, 575, 1318, 400, 55]
部分券商放宽两融“生死线” [819, 511, 1040, 720, 44, 42, 25, 685, 359, 608, 674, 43, 606]
配资存量“迫降”网络平台模式走入末路 [473, 551, 1214, 1206, 359, 752, 964, 606, 1129, 814, 499, 668, 610, 270, 905, 1141, 1271, 576]
配资客且战且败 高杠杆无路可逃 [473, 551, 110, 14, 1017, 14, 445, 23, 1134, 1221, 1049, 976, 576, 903, 516]
重组预期升温央企改革站上A股风口 [388, 135, 1089, 278, 307, 617, 707, 416, 125, 492, 1213, 182, 302, 198, 484, 1222]
银行急忙调杠杆或为应对伞形信托严控 [992, 389, 970, 396, 90, 1221, 1049, 523, 212, 586, 1080, 361, 394, 1065, 1016, 283, 200]
长期资金入市空间打开 [676, 278, 551, 58, 1141, 836, 912, 671, 1130, 1159]
顶层方案渐近国资改革主题升温 [253, 1197, 38, 722, 1012, 1054, 913, 551, 125, 492, 1116, 770, 307, 617]
风险与收益不匹配不是好事 [484, 662, 517, 712, 312, 926, 1115, 473, 926, 117, 504, 1007]
首单信托PPP落地在即信政合作迎变局 [105, 808, 1065, 1016, 59, 59, 59, 1282, 533, 534, 1313, 1065, 630, 6, 889, 150, 1301, 718]
101家上市公司发布高送转预案 9家上市公司现金分红超亿元 [292, 33, 292, 459, 182, 836, 575, 1318, 391, 422, 1134, 553, 902, 1089, 722, 23, 953, 459, 182, 836, 575, 1318, 625, 58, 511, 940, 344, 251, 958]
113.16亿元沪股通资金趁A股暴跌大抄底 [292, 292, 788, 862, 292, 208, 251, 958, 620, 198, 1177, 551, 58, 678, 302, 198, 122, 1294, 616, 758, 187]
113家上市公司拿347亿元炒股  兰州黄河等6家公司账面浮亏 [292, 292, 788, 459, 182, 836, 575, 1318, 753, 788, 1038, 458, 251, 958, 602, 198, 23, 108, 248, 153, 775, 34, 1123, 208, 459, 575, 1318, 703, 737, 80, 62]
141起并购重组申请排队“互联网+”成香饽饽 [292, 1038, 292, 650, 1237, 1108, 388, 135, 294, 1102, 101, 627, 359, 929, 1058, 1129, 115, 606, 352, 692, 615, 615]
164万！上周新增投资者数量创新高 [292, 208, 1038, 759, 995, 182, 76, 950, 937, 847, 551, 1245, 113, 1206, 440, 950, 1134]
172家公司发布三季报预告 超六成实现增长 [292, 458, 541, 459, 575, 1318, 391, 422, 592, 1305, 855, 1089, 556, 23, 344, 496, 352, 1100, 625, 937, 676]
18家房企7月份销售655亿元环比降25% 机构称深圳房价涨幅收窄 [292, 713, 459, 792, 416, 458, 513, 161, 835, 32, 208, 1276, 1276, 251, 958, 861, 968, 964, 541, 1276, 1266, 23, 242, 263, 334, 746, 626, 792, 750, 288, 306, 712, 527]
190起定增重组募资4422亿元 34家公司股价涨幅超过100% [292, 953, 33, 650, 772, 937, 388, 135, 376, 551, 1038, 1038, 541, 541, 251, 958, 23, 788, 1038, 459, 575, 1318, 198, 750, 288, 306, 344, 878, 292, 33, 33, 1266]
19只股基“5.30”“5.28”持续抗跌 华夏4只股基两次跻身前1/3 [292, 953, 821, 198, 172, 359, 1276, 862, 788, 33, 606, 359, 1276, 862, 541, 713, 606, 420, 901, 15, 1294, 23, 1053, 1252, 1038, 821, 198, 172, 25, 443, 505, 1029, 313, 292, 1109, 788]
20家中概股启动私有化新三板或成回归主要途径 [541, 33, 459, 946, 423, 198, 453, 1106, 45, 427, 355, 950, 592, 340, 523, 352, 655, 729, 1116, 0, 1014, 197]
500家公司重要股东6月份减持1000亿元 50笔减持控股股东亲自操刀 [1276, 33, 33, 459, 575, 1318, 388, 0, 198, 696, 208, 513, 161, 647, 420, 292, 33, 33, 33, 251, 958, 23, 1276, 33, 848, 647, 420, 200, 198, 198, 696, 951, 1144, 1204, 683]
54位上市公司高管及个人增持少于10手 100股“迷你”增持频现 [1276, 1038, 803, 182, 836, 575, 1318, 1134, 795, 802, 202, 300, 937, 420, 353, 598, 292, 33, 471, 23, 292, 33, 33, 198, 359, 908, 68, 606, 937, 420, 184, 625]
6月份QFII和RQFII额度发放提速 303亿元资金跑步入市 [208, 513, 161, 490, 220, 961, 961, 1092, 670, 490, 220, 961, 961, 526, 1268, 391, 44, 643, 1099, 23, 788, 33, 788, 251, 958, 551, 58, 727, 815, 1141, 836]
6月份以来40家公司终止重大重组事项“双方谈不拢”是夭折主因 [208, 513, 161, 243, 157, 1038, 33, 459, 575, 1318, 470, 1117, 388, 616, 388, 135, 1007, 993, 359, 314, 38, 37, 926, 328, 606, 117, 451, 1096, 1116, 1139]
7%的经济增速夯实股市发展根基 下半年有望好于上半年 [458, 1266, 93, 56, 57, 937, 1099, 1273, 1100, 198, 836, 391, 646, 392, 172, 23, 1091, 723, 84, 427, 1258, 504, 598, 182, 723, 84]
77家公司重要股东逆势增持 10个交易日入市近60亿元 [458, 458, 459, 575, 1318, 388, 0, 198, 696, 180, 716, 937, 420, 23, 292, 33, 202, 112, 1230, 1060, 1141, 836, 1054, 208, 33, 251, 958]
7月份以来48家公司并购重组申请获通过 [458, 513, 161, 243, 157, 1038, 713, 459, 575, 1318, 1237, 1108, 388, 135, 294, 1102, 207, 1177, 878]
7月份以来员工持股计划拟增持近90亿元 [458, 513, 161, 243, 157, 64, 404, 420, 198, 362, 186, 735, 937, 420, 1054, 953, 33, 251, 958]
7月份并购金额环比增长107.5% 新兴产业“独占鳌头” [458, 513, 161, 1237, 1108, 58, 526, 861, 968, 937, 676, 292, 33, 458, 862, 1276, 1266, 23, 950, 1235, 702, 194, 359, 164, 568, 142, 1190, 606]
99亿元盘整期5只基金重仓股吸金最猛 [953, 953, 251, 958, 482, 580, 278, 1276, 821, 172, 58, 388, 393, 198, 39, 58, 346, 604]
9家银行下周一发首批大额存单 [953, 459, 992, 389, 1091, 76, 1000, 391, 105, 1317, 616, 526, 1214, 808]
A股七年首破5000点大关 “五朵金花”发力勇扛冲关大旗 [302, 198, 1167, 84, 105, 1311, 1276, 33, 33, 33, 869, 616, 987, 23, 359, 103, 121, 58, 538, 606, 391, 357, 48, 195, 456, 987, 616, 1211]
A股交易经手费8月1日起调降30% [302, 198, 112, 1230, 56, 471, 728, 713, 513, 292, 1060, 650, 90, 964, 788, 33, 1266]
P2P租车平台再掀烧钱大战 宝驾租车恃“财”放旷推1元租车 [59, 541, 59, 1219, 1070, 499, 668, 348, 587, 405, 863, 616, 1017, 23, 20, 1241, 1219, 1070, 413, 359, 1023, 606, 44, 930, 1270, 292, 958, 1219, 1070]
“6·30”大限将至中小券商两融空间承压 [359, 208, 377, 788, 33, 606, 616, 980, 838, 906, 946, 432, 1040, 720, 25, 685, 912, 671, 833, 514]
“中国价值保卫战”取得初步胜利 [359, 946, 913, 750, 904, 734, 663, 1017, 606, 480, 849, 276, 815, 486, 1269]
“妖股”暴风科技又现连续涨停 机构不计前嫌杀回马枪 [359, 595, 198, 606, 122, 484, 326, 421, 1292, 625, 488, 901, 288, 400, 23, 242, 263, 926, 362, 313, 140, 1196, 655, 79, 479]
“拼团”买高端医疗险真的不保险 一旦出险经纪公司不能担保保险公司不“翻脸” [359, 174, 1128, 606, 1076, 1134, 745, 628, 1172, 662, 63, 93, 926, 734, 662, 23, 1000, 900, 1157, 662, 56, 289, 575, 1318, 926, 584, 877, 734, 734, 662, 575, 1318, 926, 359, 1238, 870, 606]
“杠杆市”将成股市新常态 多家券商表示“两融”与违规融资不能混为一谈 [359, 1221, 1049, 836, 606, 838, 352, 198, 836, 950, 380, 259, 23, 1019, 459, 1040, 720, 741, 1066, 359, 25, 685, 606, 517, 370, 1289, 685, 551, 926, 584, 799, 212, 1000, 37]
“窗口期”擦边球减持超10亿元 美盈森股东套现行为遭立案调查 [359, 1155, 1222, 278, 606, 573, 379, 1290, 647, 420, 344, 292, 33, 251, 958, 23, 433, 124, 605, 198, 696, 648, 625, 389, 212, 665, 387, 722, 90, 71]
“黑天鹅”再袭信托业  10亿元“盘古项目”年中利息“跳票” [359, 656, 782, 286, 606, 348, 95, 1065, 1016, 194, 23, 108, 292, 33, 251, 958, 359, 482, 978, 993, 667, 606, 84, 946, 1269, 1146, 359, 249, 85, 606]
《大圣归来》89位投资人获益超2200万元 微信圈众筹“野路子”难以复制 [1166, 616, 612, 729, 157, 98, 713, 953, 803, 847, 551, 300, 207, 312, 344, 541, 541, 33, 33, 759, 958, 23, 454, 1065, 378, 931, 1154, 359, 804, 576, 559, 606, 631, 243, 431, 544]
万亿元级成交量超券商交易系统设计天花板 投资者“堵单”损失券商不用赔 [759, 251, 958, 158, 352, 112, 1206, 344, 1040, 720, 112, 1230, 751, 347, 1118, 362, 782, 538, 340, 23, 847, 551, 1245, 359, 813, 808, 606, 974, 118, 1040, 720, 926, 201, 562]
万达计划砍掉40余家百货门店 王健林“去地产化”提前至明年 [759, 463, 362, 186, 596, 708, 1038, 33, 481, 459, 831, 1267, 1095, 690, 23, 261, 1307, 304, 359, 545, 533, 702, 355, 606, 643, 313, 906, 239, 84]
三大运营商“欺上瞒下” 流量降费方案公布近一月后仍不能办理 [592, 616, 1296, 614, 720, 359, 476, 182, 579, 1091, 606, 23, 794, 1206, 964, 728, 38, 722, 575, 422, 1054, 1000, 513, 183, 881, 926, 584, 1263, 1030]
三大运营商假装提速降价 价格竟高于租客长城宽带歌华有线 [592, 616, 1296, 614, 720, 687, 603, 643, 1099, 964, 750, 23, 750, 381, 205, 1134, 598, 1219, 110, 676, 475, 42, 1182, 224, 1053, 427, 43]
上半年险资超1.5万亿元资金驰援A股 下半年或更注重波段操作 [182, 723, 84, 662, 551, 344, 292, 862, 1276, 759, 251, 958, 551, 58, 412, 990, 302, 198, 23, 1091, 723, 84, 523, 178, 909, 388, 1306, 710, 1204, 889]
上周保证金净流入9078亿元创新高 投资者入市意愿仍强烈 [182, 76, 734, 383, 58, 303, 794, 1141, 953, 33, 458, 713, 251, 958, 440, 950, 1134, 23, 847, 551, 1245, 1141, 836, 884, 1283, 881, 41, 801]
上周新增投资者近150万连续两周保持高位 [182, 76, 950, 937, 847, 551, 1245, 1054, 292, 1276, 33, 759, 488, 901, 25, 76, 734, 420, 1134, 803]
下半年降准降息你别猜 做足预案见招拆招是优选 [1091, 723, 84, 964, 196, 964, 1146, 68, 449, 1303, 23, 699, 333, 1089, 722, 260, 398, 636, 398, 117, 524, 922]
两融“伤情”报告：大散“受伤”较重 券商未现重大违约风险 [25, 685, 359, 199, 1198, 606, 855, 556, 19, 616, 327, 359, 232, 199, 606, 508, 388, 23, 1040, 720, 29, 625, 388, 616, 370, 981, 484, 662]
两融余额五连升 银河证券今起恢复融券 [25, 685, 481, 526, 103, 488, 307, 23, 992, 34, 383, 1040, 1136, 650, 570, 431, 685, 1040]
两融余额四连增回升至1.36万亿元水平 [25, 685, 481, 526, 1061, 488, 937, 655, 307, 906, 292, 862, 788, 208, 759, 251, 958, 619, 499]
两融余额大幅缩窄企稳在1.44万亿元 [25, 685, 481, 526, 616, 306, 448, 527, 416, 1112, 534, 292, 862, 1038, 1038, 759, 251, 958]
中兴商业“关门”9个月成牛市停牌钉子户 股民急眼称该叫“中兴熬特慢” [946, 1235, 720, 194, 359, 987, 1095, 606, 953, 202, 513, 352, 483, 836, 400, 55, 181, 559, 719, 23, 198, 928, 970, 872, 334, 738, 572, 359, 946, 1235, 621, 731, 403, 606]
中国保险投资基金获批 险企出资占比不低于80% [946, 913, 734, 662, 847, 551, 172, 58, 207, 1317, 23, 662, 416, 1157, 551, 568, 968, 926, 390, 598, 713, 33, 1266]
中国股市的“杠杆病” 源于缺少个股期权手段 [946, 913, 198, 836, 93, 359, 1221, 1049, 933, 606, 23, 1094, 598, 600, 353, 202, 198, 278, 632, 471, 710]
中国股市被提前设置了一个“风暴按钮” [946, 913, 198, 836, 28, 643, 313, 1118, 666, 1246, 1000, 202, 359, 484, 122, 1090, 358, 606]
中央汇金已进场 各类长期资金入市提速 [946, 707, 1122, 58, 1150, 1215, 167, 23, 345, 830, 676, 278, 551, 58, 1141, 836, 643, 1099]
中央预算内投资落地滞后 发改委敦促各地调整使用方案 [946, 707, 1089, 189, 1002, 847, 551, 1282, 533, 1200, 183, 23, 391, 125, 1298, 740, 597, 345, 533, 90, 580, 229, 201, 38, 722]
中海油低调出台炼化产业整合方案 欲借油气改革上下游通吃 [946, 1315, 209, 390, 90, 1157, 668, 462, 355, 702, 194, 580, 6, 38, 722, 23, 35, 1277, 209, 354, 125, 492, 182, 1091, 886, 1177, 136]
中源协和南京新百争购中国脐带血库白热化 [946, 1094, 965, 1092, 321, 785, 950, 831, 512, 1108, 946, 913, 185, 1182, 46, 744, 996, 574, 355]
中澳自贸协定成两国贸易兴奋剂 对澳矿产需求大增将推动航运业复苏 [946, 540, 1144, 210, 965, 772, 352, 25, 913, 210, 1230, 1235, 756, 217, 23, 1080, 540, 258, 702, 485, 65, 616, 937, 838, 1270, 1106, 859, 1296, 194, 431, 725]
中石油新任掌门人王宜林布局改革 炼化和销售企业将扩大自主经营权 [946, 578, 209, 950, 1082, 226, 1095, 300, 261, 277, 304, 422, 718, 125, 492, 23, 462, 355, 1092, 835, 32, 416, 194, 838, 1309, 616, 1144, 1116, 56, 614, 632]
中石油混改思路或生变 与腾讯联手谋求油品销售业务转型 [946, 578, 209, 799, 125, 944, 576, 523, 608, 1301, 23, 517, 754, 1171, 1058, 471, 762, 65, 209, 1243, 835, 32, 194, 528, 902, 408]
交物业费就送家财险物业险企业主都欢喜 [112, 1232, 194, 728, 949, 553, 459, 1023, 662, 1232, 194, 662, 416, 194, 1116, 1035, 24, 948]
交行参股华英证券获批  释放银行加持券商牌照信号 [112, 389, 134, 198, 1053, 577, 383, 1040, 207, 1317, 23, 108, 1125, 44, 992, 389, 444, 420, 1040, 720, 55, 660, 1065, 1308]
京津冀长途漫游费取消在即 中移动一年减少30亿元收入 [785, 1087, 1152, 676, 1014, 997, 886, 728, 480, 267, 534, 1313, 23, 946, 532, 1106, 1000, 84, 647, 353, 788, 33, 251, 958, 712, 1141]
住房公积金投资运营首次公开去年增值收益同比增26.09% [315, 792, 575, 1231, 58, 847, 551, 1296, 614, 105, 443, 575, 1159, 545, 84, 937, 904, 712, 312, 1010, 968, 937, 541, 208, 862, 33, 953, 1266]
保监会规范险企员工持股计划 提振市场信心 [734, 1208, 81, 1289, 1244, 662, 416, 64, 404, 420, 198, 362, 186, 23, 643, 947, 836, 167, 1065, 549]
做好稳定股市第二阶段工作 [699, 504, 1112, 772, 198, 836, 204, 765, 1192, 710, 404, 889]
典当行员工游说客户抵押房产放贷 自称“月息3.5%十年仅出事一单” [910, 1145, 389, 64, 404, 886, 609, 110, 719, 867, 130, 792, 702, 44, 1278, 23, 1144, 334, 359, 513, 1146, 788, 862, 1276, 1266, 464, 84, 218, 1157, 1007, 1000, 808, 606]
养老金入市方案公布在即 需走出五大认识误区 [337, 177, 58, 1141, 836, 38, 722, 575, 422, 534, 1313, 23, 485, 905, 1157, 103, 616, 941, 469, 1312, 715]
养老金入市方案终破茧逾1万亿元资金可望入场 [337, 177, 58, 1141, 836, 38, 722, 470, 1311, 285, 874, 292, 759, 251, 958, 551, 58, 903, 1258, 1141, 167]
养老金入市最新进展：社保基金理事会开始“行动” [337, 177, 58, 1141, 836, 346, 950, 1215, 646, 19, 717, 734, 172, 58, 1030, 1007, 81, 1159, 222, 359, 389, 1106, 606]
养老金委托投资办法出台或不晚于10月份 9省市结余均超千亿元有望率先示范 [337, 177, 58, 1298, 1016, 847, 551, 1263, 561, 1157, 668, 523, 926, 236, 598, 292, 33, 513, 161, 23, 953, 1086, 836, 982, 481, 960, 344, 1287, 251, 958, 427, 1258, 179, 880, 1066, 1244]
养老金投资办法已提交国务院 颁布进入倒计时 [337, 177, 58, 847, 551, 1263, 561, 1150, 643, 112, 913, 528, 894, 23, 176, 422, 1215, 1141, 521, 362, 828]
再问恶意做空股市的力量来自哪里 [348, 165, 139, 884, 699, 912, 198, 836, 93, 357, 1206, 157, 1144, 664, 640]
券商2014年经营业绩排名出现两项新指标 [1040, 720, 541, 33, 292, 1038, 84, 56, 614, 194, 571, 101, 1250, 1157, 625, 25, 993, 950, 264, 425]
券商7月份环比少赚百亿元 自营业务成拖累业绩主因 [1040, 720, 458, 513, 161, 861, 968, 353, 399, 831, 251, 958, 23, 1144, 614, 194, 528, 352, 649, 879, 194, 571, 1116, 1139]
券商再融资为两融补血 距“天花板”还有2万亿元空间 [1040, 720, 348, 685, 551, 212, 25, 685, 892, 46, 23, 1062, 359, 782, 538, 340, 606, 1173, 427, 541, 759, 251, 958, 912, 671]
北京夺得2022年冬奥会主办权 五大投资主线浮出水面 [273, 785, 1041, 849, 541, 33, 541, 541, 84, 536, 837, 81, 1116, 1263, 632, 23, 103, 616, 847, 551, 1116, 43, 80, 1157, 619, 737]
半数上市券商市盈率低于10倍 国泰君安成年内首只“破发”新股 [723, 113, 182, 836, 1040, 720, 836, 124, 179, 390, 598, 292, 33, 268, 23, 913, 825, 171, 1103, 352, 84, 1002, 105, 821, 359, 1311, 391, 606, 950, 198]
厘清对GDP增速的三点认识 [932, 192, 1080, 468, 1048, 59, 937, 1099, 93, 592, 869, 941, 469]
原油期货有望年底前正式启动交易 [851, 209, 278, 1267, 427, 1258, 84, 187, 313, 1205, 270, 453, 1106, 112, 1230]
发改委年中劲吹稳增长号角  新增四大工程包待发力 [391, 125, 1298, 84, 946, 295, 298, 1112, 937, 676, 1308, 477, 23, 108, 950, 937, 1061, 616, 404, 429, 757, 3, 391, 357]
发改委本月已批复10个项目投资规模逾2500亿元 [391, 125, 1298, 860, 513, 1150, 1317, 431, 292, 33, 202, 993, 667, 847, 551, 1289, 610, 874, 541, 1276, 33, 33, 251, 958]
同花顺净利润增长1665.71% 或因涉嫌违反证券期货法面临暂停上市风险 [1010, 538, 1239, 303, 1269, 781, 937, 676, 292, 208, 208, 1276, 862, 458, 292, 1266, 23, 523, 1139, 5, 140, 370, 54, 383, 1040, 278, 1267, 561, 737, 36, 919, 400, 182, 836, 484, 662]
四大行6月份新增人民币贷款3569亿元 全年信贷规模有望超11万亿元 [1061, 616, 389, 208, 513, 161, 950, 937, 300, 928, 1242, 1278, 1044, 788, 1276, 208, 953, 251, 958, 23, 899, 84, 1065, 1278, 1289, 610, 427, 1258, 344, 292, 292, 759, 251, 958]
国务院发政策大“红包” 中概股回归A股将提速 [913, 528, 894, 391, 630, 395, 616, 359, 940, 757, 606, 23, 946, 423, 198, 655, 729, 302, 198, 838, 643, 1099]
国务院支持外贸稳增长政策意见近期将公布 [913, 528, 894, 622, 420, 16, 210, 1112, 937, 676, 630, 395, 884, 260, 1054, 278, 838, 575, 422]
国家能源局：预计全年用电量同比增长3% 大工业扩张性用电申请首现正增长 [913, 459, 584, 1094, 718, 19, 1089, 362, 899, 84, 201, 457, 1206, 1010, 968, 937, 676, 788, 1266, 23, 616, 404, 194, 1309, 228, 447, 201, 457, 294, 1102, 105, 625, 1205, 937, 676]
国有上市车企困境：高管不持股员工缺激励 [913, 427, 182, 836, 1070, 416, 1149, 680, 19, 1134, 795, 926, 420, 198, 64, 404, 600, 1286, 529]
国资委近期两提加快央企重组整合 央企重组将提速 为股市注入内生动力 [913, 551, 1298, 1054, 278, 25, 643, 444, 1227, 707, 416, 388, 135, 580, 6, 23, 707, 416, 388, 135, 838, 643, 1099, 23, 212, 198, 836, 909, 1141, 1002, 608, 1106, 357]
国资委部署央企参与“一带一路”建设 央企欲加大联合出海力度抢机遇 [913, 551, 1298, 819, 748, 707, 416, 134, 517, 359, 1000, 1182, 1000, 576, 606, 338, 1118, 23, 707, 416, 35, 444, 616, 1058, 6, 1157, 1315, 357, 1268, 282, 242, 351]
场外股权质押回购交易方案落地 中小微企业化解融资难获新“突破口” [167, 16, 198, 632, 1153, 130, 655, 1108, 112, 1230, 38, 722, 1282, 533, 23, 946, 432, 454, 416, 194, 355, 893, 685, 551, 631, 207, 950, 359, 507, 1311, 1222, 606]
场外证券业务新规出炉场外配资将走向阳光化 [167, 16, 383, 1040, 194, 528, 950, 1289, 1157, 839, 167, 16, 473, 551, 838, 905, 240, 455, 800, 355]
基金包揽中国核电近七成网下配售份额 国泰系10基金从中分走一成 [172, 58, 757, 88, 946, 913, 233, 457, 1054, 1167, 352, 1129, 1091, 473, 32, 161, 526, 23, 913, 825, 751, 292, 33, 172, 58, 642, 946, 511, 905, 1000, 352]
外汇局新批344亿元额度QFII和RQFII驰援A股 [16, 1122, 718, 950, 1317, 788, 1038, 1038, 251, 958, 526, 1268, 490, 220, 961, 961, 1092, 670, 490, 220, 961, 961, 412, 990, 302, 198]
多家能源央企发力大数据 两桶油开启“互联网+油气”时代 [1019, 459, 584, 1094, 707, 416, 391, 357, 616, 113, 1074, 23, 25, 797, 209, 1159, 453, 359, 929, 1058, 1129, 115, 209, 354, 606, 828, 402]
大众丰田汽车金融公司均放高利贷 车贷年化利率平均达20% [616, 931, 1036, 864, 1319, 1070, 58, 685, 575, 1318, 960, 44, 1134, 1269, 1278, 23, 1070, 1278, 84, 355, 1269, 179, 499, 960, 463, 541, 33, 1266]
大盘股轮番发行难再现IPO排队企业中仅有4家 [616, 482, 198, 410, 1088, 391, 389, 631, 348, 625, 961, 59, 146, 101, 627, 416, 194, 946, 218, 427, 1038, 459]
大股东中国人寿大规模认购背书 远洋地产百亿公司债息率创新低 [616, 198, 696, 946, 913, 300, 915, 616, 1289, 610, 941, 1108, 474, 742, 23, 973, 924, 533, 702, 831, 251, 575, 1318, 1194, 1146, 179, 440, 950, 390]
央企资产总额破40万亿元 十大行业实现快速增长 [707, 416, 551, 702, 127, 526, 1311, 1038, 33, 759, 251, 958, 23, 464, 616, 389, 194, 1100, 625, 1227, 1099, 937, 676]
央行强调要促进股市平稳健康发展 力推战略新兴板全面推进创业板改革 [707, 389, 41, 90, 0, 597, 1215, 198, 836, 499, 1112, 1307, 711, 391, 646, 23, 357, 1270, 1017, 491, 950, 1235, 340, 899, 737, 1270, 1215, 440, 194, 340, 125, 492]
央行放宽境外机构入债市 加快人民币国际化进程 [707, 389, 44, 42, 680, 16, 242, 263, 1141, 1194, 836, 23, 444, 1227, 300, 928, 1242, 913, 439, 355, 1215, 429]
央行解释7月份M2回升较快四原因 维稳股市亦产生影响 [707, 389, 893, 1125, 458, 513, 161, 639, 541, 655, 307, 508, 1227, 1061, 851, 1139, 23, 957, 1112, 198, 836, 1142, 702, 608, 1148, 638]
央行货币委两个“密切关注”有深意 A股有需要货币政策就会鼎力支持 [707, 389, 1267, 1242, 1298, 25, 202, 359, 116, 94, 987, 909, 606, 427, 746, 884, 23, 302, 198, 427, 485, 0, 1267, 1242, 630, 395, 949, 81, 350, 357, 622, 420]
央行：上半年个人购房贷款同比多增1767亿元 [707, 389, 19, 182, 723, 84, 202, 300, 1108, 792, 1278, 1044, 1010, 968, 1019, 937, 292, 458, 208, 458, 251, 958]
央行：经济保持7%左右增速有强支撑 [707, 389, 19, 56, 57, 734, 420, 458, 1266, 818, 1233, 937, 1099, 427, 41, 622, 845]
存贷比限制拟取消可释放万亿元流动性 [1214, 1278, 968, 980, 544, 735, 480, 267, 903, 1125, 44, 759, 251, 958, 794, 1106, 447]
孙宏斌吐槽一线城市地价太高 称卖10万元/平方米都难赚钱 [1133, 843, 50, 688, 1143, 1000, 43, 475, 836, 533, 750, 1046, 1134, 23, 334, 1008, 292, 33, 759, 958, 1109, 499, 38, 168, 1035, 631, 399, 863]
小米乐视口水战日趋白热化 两大“生态圈”既生瑜何生亮？ [432, 168, 1055, 1064, 1222, 619, 1017, 1060, 841, 996, 574, 355, 23, 25, 616, 359, 608, 259, 378, 606, 1140, 608, 1063, 145, 608, 623, 299]
山西煤炭全行业连续12个月亏损 额度超40亿元 [985, 1321, 1223, 535, 899, 389, 194, 488, 901, 292, 541, 202, 513, 62, 974, 23, 526, 1268, 344, 1038, 33, 251, 958]
年报频现“补丁” 224家上市公司发业绩修正公告 [84, 855, 184, 625, 359, 892, 336, 606, 23, 541, 541, 1038, 459, 182, 836, 575, 1318, 391, 194, 571, 497, 1205, 575, 556]
应对大盘股IPO等扰动央行选择逆回购暂缓降准 [586, 1080, 616, 482, 198, 961, 59, 146, 1123, 1104, 1106, 707, 389, 922, 1226, 180, 655, 1108, 919, 601, 964, 196]
底部区域回购方案频现 35家公司斥资416亿元回购股票 [187, 819, 715, 237, 655, 1108, 38, 722, 184, 625, 23, 788, 1276, 459, 575, 1318, 365, 551, 1038, 292, 208, 251, 958, 655, 1108, 198, 85]
当初稳股市现在赚大钱 汇金两轮增持工建行共赚24亿元 [1145, 276, 1112, 198, 836, 625, 534, 399, 616, 863, 23, 1122, 58, 25, 410, 937, 420, 404, 338, 389, 166, 399, 541, 1038, 251, 958]
打新明日开启预计冻结资金逾5.7万亿元 [1130, 950, 239, 1060, 1159, 453, 1089, 362, 1218, 982, 551, 58, 874, 1276, 862, 458, 759, 251, 958]
投资者午睡一觉蒸发3.5万元 [847, 551, 1245, 1202, 216, 1000, 721, 126, 391, 788, 862, 1276, 759, 958]
拟上市券商影子股赚钱效应凸显 华安证券影子股最集中 [735, 182, 836, 1040, 720, 1148, 559, 198, 399, 863, 221, 586, 994, 583, 23, 1053, 1103, 383, 1040, 1148, 559, 198, 346, 1291, 946]
揭秘灰色刷单大军利益链 淘宝沦为“重灾区” [943, 887, 82, 120, 123, 808, 616, 193, 1269, 312, 341, 23, 323, 20, 47, 212, 359, 388, 916, 715, 606]
收购中国置业为海外布局埋伏笔中国中车欲收购庞巴迪股份？ [712, 1108, 946, 913, 666, 194, 212, 1315, 16, 422, 718, 1203, 231, 848, 946, 913, 946, 1070, 35, 712, 1108, 955, 1284, 163, 198, 161, 299]
新三板市场今年融资已超400亿元 [950, 592, 340, 836, 167, 1136, 84, 685, 551, 1150, 344, 1038, 33, 33, 251, 958]
暴风科技业绩骤降抱守“虚拟”故事 冯鑫称王亚伟等新进投资者不傻 [122, 484, 326, 421, 194, 571, 780, 964, 141, 1248, 359, 461, 735, 606, 466, 1007, 23, 1188, 820, 334, 261, 275, 296, 1123, 950, 1215, 847, 551, 1245, 926, 40]
本周打新冻结资金将超过8万亿元 顶格申购需配市值接近1500万元 [860, 76, 1130, 950, 1218, 982, 551, 58, 838, 344, 878, 713, 759, 251, 958, 23, 253, 381, 294, 1108, 485, 473, 836, 904, 700, 1054, 292, 1276, 33, 33, 759, 958]
机构借道大宗交易80次突击基金重仓股机构之间交易占比45% [242, 263, 1277, 822, 616, 241, 112, 1230, 713, 33, 443, 507, 151, 172, 58, 388, 393, 198, 242, 263, 1124, 671, 112, 1230, 568, 968, 1038, 1276, 1266]
机构预判7月份CPI涨1.6% 全年或在1.5%水平 [242, 263, 1089, 701, 458, 513, 161, 796, 59, 961, 288, 292, 862, 208, 1266, 23, 899, 84, 523, 534, 292, 862, 1276, 1266, 619, 499]
民资办银行全面开放40多家已提出申请 [928, 551, 1263, 992, 389, 899, 737, 1159, 44, 1038, 33, 1019, 459, 1150, 643, 1157, 294, 1102]
汇金回应减持近期出售部分银行股份和ETF [1122, 58, 655, 586, 647, 420, 1054, 278, 1157, 32, 819, 511, 992, 389, 198, 161, 1092, 1288, 998, 220]
汇金增持金融股 斥资约247亿元受让四大行等53.65亿股 [1122, 58, 937, 420, 58, 685, 198, 23, 365, 551, 981, 541, 1038, 458, 251, 958, 232, 1027, 1061, 616, 389, 1123, 1276, 788, 862, 208, 1276, 251, 198]
沪指逼近5000点 30多家险企最高210万元年薪“抢”投资负责人 [620, 264, 914, 1054, 1276, 33, 33, 33, 869, 23, 788, 33, 1019, 459, 662, 416, 346, 1134, 541, 292, 33, 759, 958, 84, 450, 359, 282, 606, 847, 551, 952, 281, 300]
沪深两市一天发74份增持公告 上市公司重要股东增持进入“实操”阶段 [620, 746, 25, 836, 1000, 782, 391, 458, 1038, 161, 937, 420, 575, 556, 23, 182, 836, 575, 1318, 388, 0, 198, 696, 937, 420, 1215, 1141, 359, 1100, 1204, 606, 1192, 710]
深港通将于7月底完成准备预计下半年开通 [746, 689, 1177, 838, 598, 458, 513, 187, 269, 352, 196, 591, 1089, 362, 1091, 723, 84, 1159, 1177]
滴水观音摆上客户台 投资者死守股票迎来反弹时都哭了 [939, 619, 465, 1043, 1272, 182, 110, 719, 668, 23, 847, 551, 1245, 674, 1248, 198, 85, 150, 157, 54, 460, 828, 1035, 1229, 1246]
煤价持续下行煤企生存压力大 霍煤集团成首家被重组大型煤企 [1223, 750, 420, 901, 1091, 389, 1223, 416, 608, 1214, 514, 357, 616, 23, 554, 1223, 1291, 1128, 352, 105, 459, 28, 388, 135, 616, 408, 1223, 416]
燕郊新房供应量是通州14倍  专家称房价涨全靠炒 [1057, 1293, 950, 792, 1176, 586, 1206, 117, 1177, 153, 292, 1038, 268, 23, 108, 436, 459, 334, 792, 750, 288, 899, 279, 602]
牛市下基金发行信披三大糗事 [483, 836, 1091, 172, 58, 391, 389, 1065, 371, 592, 616, 1059, 1007]
独家揭秘险资4月底配置明细：7747亿元炒股票 6844亿元买基金 [164, 459, 943, 887, 662, 551, 1038, 513, 187, 473, 666, 239, 1107, 19, 458, 458, 1038, 458, 251, 958, 602, 198, 85, 23, 208, 713, 1038, 1038, 251, 958, 1076, 172, 58]
猎头揭秘互联网金融人才前哨战 [1011, 1190, 943, 887, 929, 1058, 1129, 58, 685, 300, 256, 313, 257, 1017]
獐子岛再启定增放贷银行能否“落袋为安”？ [661, 559, 694, 348, 453, 772, 937, 44, 1278, 992, 389, 584, 857, 359, 1282, 7, 212, 1103, 606, 299]
王亚伟失手“妖股”暴风科技  或正演绎“伤离别” [261, 275, 296, 118, 471, 359, 595, 198, 606, 122, 484, 326, 421, 23, 108, 523, 1205, 188, 1135, 359, 199, 211, 449, 606]
王亚伟看走眼一汽轿车*ST夏利等了半年两公司销量业绩双双下滑 [261, 275, 296, 1249, 905, 872, 1000, 1319, 569, 1070, 1185, 806, 998, 1252, 1269, 1123, 1246, 723, 84, 25, 575, 1318, 835, 1206, 194, 571, 314, 314, 1091, 852]
现役消防员已投保意外险  因公牺牲最高获赔30万元 [625, 501, 267, 866, 64, 1150, 847, 734, 884, 16, 662, 23, 108, 1139, 575, 106, 53, 346, 1134, 207, 562, 788, 33, 759, 958]
申万宏源降价27%保定增 募集资金总额缩水40亿元 [294, 759, 843, 1094, 964, 750, 541, 458, 1266, 734, 772, 937, 23, 376, 1291, 551, 58, 127, 526, 448, 619, 1038, 33, 251, 958]
留学季商业银行“明争” 出国金融“暗夺”高净值客户 [149, 1073, 1305, 720, 194, 992, 389, 359, 239, 512, 606, 23, 1157, 913, 58, 685, 359, 1281, 1041, 606, 1134, 303, 904, 110, 719]
白帽黑客：部分银行险企基金公司网络平台确存漏洞 [996, 956, 656, 110, 19, 819, 511, 992, 389, 662, 416, 172, 58, 575, 1318, 1129, 814, 499, 668, 798, 1214, 1084, 22]
百人销售团队开路 九泰基金王学明图谋跳级通关 [831, 300, 835, 32, 1128, 627, 1159, 576, 23, 972, 825, 172, 58, 261, 1073, 239, 677, 762, 249, 158, 1177, 987]
监管松口  保险营销员可以“无证上岗”  第三方网销平台洗刷“顶风作案”之嫌 [1208, 795, 419, 1222, 23, 108, 734, 662, 614, 835, 64, 903, 243, 359, 976, 383, 182, 1015, 606, 23, 108, 204, 592, 38, 1129, 835, 499, 668, 1254, 123, 359, 253, 484, 889, 722, 606, 1124, 140]
社保基金时隔一年新开46个A股账户 [717, 734, 172, 58, 828, 1285, 1000, 84, 950, 1159, 1038, 208, 202, 302, 198, 703, 719]
社保基金运转届满15年 累计投资增值近6千亿元 [717, 734, 172, 58, 1296, 902, 633, 1220, 292, 1276, 84, 23, 879, 362, 847, 551, 937, 904, 1054, 208, 1287, 251, 958]
稳增长工程包增至11个有望拉动15万亿元投资 [1112, 937, 676, 404, 429, 757, 937, 906, 292, 292, 202, 427, 1258, 1201, 1106, 292, 1276, 759, 251, 958, 847, 551]
第三方互联网平台挖角返佣高达60% 有营销员没有保险销售资质 [204, 592, 38, 929, 1058, 1129, 499, 668, 858, 477, 320, 657, 1134, 463, 208, 33, 1266, 23, 427, 614, 835, 64, 1120, 427, 734, 662, 835, 32, 551, 1153]
红岭创投借壳自摆乌龙e租宝被预警“隔空”励志 [940, 1186, 440, 847, 1277, 747, 1144, 1272, 724, 356, 1083, 1219, 20, 28, 1089, 406, 359, 1285, 912, 606, 529, 885]
维护金融稳定 央行使出“十八般武艺” [957, 679, 58, 685, 1112, 772, 23, 707, 389, 229, 1157, 359, 464, 331, 31, 945, 967, 606]
绿地控股市值逾2600亿元  A股最大房企完成“A+H”布局 [89, 533, 200, 198, 836, 904, 874, 541, 208, 33, 33, 251, 958, 23, 108, 302, 198, 346, 616, 792, 416, 269, 352, 359, 302, 115, 297, 606, 422, 718]
网贷平台纷纷“标配”第三方资金托管 怎么能让投资者辨别“陷阱”还是“馅饼” [1129, 1278, 499, 668, 219, 219, 359, 425, 473, 606, 204, 592, 38, 551, 58, 1016, 795, 23, 844, 386, 584, 1027, 847, 551, 1245, 618, 449, 359, 827, 1274, 606, 1173, 117, 359, 693, 824, 606]
股基仓位80%下限正式实施 1.27万亿元“子弹”入膛 [198, 172, 393, 803, 713, 33, 1266, 1091, 980, 1205, 270, 1100, 1042, 23, 292, 862, 541, 458, 759, 251, 958, 359, 559, 460, 606, 1141, 1098]
股市急挫影响有限汇率 下半年将总体保持平稳 [198, 836, 970, 11, 1148, 638, 427, 980, 1122, 179, 23, 1091, 723, 84, 838, 127, 644, 734, 420, 499, 1112]
股市拉锯战一旦明朗 5000亿元险资或继续入市 [198, 836, 1201, 18, 1017, 1000, 900, 239, 1174, 23, 1276, 33, 33, 33, 251, 958, 662, 551, 523, 739, 901, 1141, 836]
股市稳定堪称国企改革催化剂 顶层设计方案即将发布 [198, 836, 1112, 772, 51, 334, 913, 416, 125, 492, 452, 355, 217, 23, 253, 1197, 1118, 362, 38, 722, 1313, 838, 391, 422]
股市维稳效果显著后市将现新投资机会 [198, 836, 957, 1112, 221, 936, 583, 1132, 183, 836, 838, 625, 950, 847, 551, 242, 81]
茂业系掌门人黄茂如抛85亿元定增方案 成商集团欲借重组翻身 [13, 194, 751, 226, 1095, 300, 775, 13, 1170, 69, 713, 1276, 251, 958, 772, 937, 38, 722, 23, 352, 720, 1291, 1128, 35, 1277, 388, 135, 1238, 1029]
茅台否认干预市场价格  称“新政”属经销商行为 [778, 668, 857, 941, 907, 1089, 836, 167, 750, 381, 23, 108, 334, 359, 950, 630, 606, 238, 56, 835, 720, 389, 212]
证监会出手整顿借用他人证券账户交易行为 [383, 1208, 81, 1157, 471, 580, 335, 1277, 201, 1299, 300, 383, 1040, 703, 719, 112, 1230, 389, 212]
证监会受理IPO企业549家29家已过会 [383, 1208, 81, 232, 1030, 961, 59, 146, 416, 194, 1276, 1038, 953, 459, 541, 953, 459, 1150, 878, 81]
证监会回应A股短期大幅回调改革红利释放等三大基本格局没有发生改变 [383, 1208, 81, 655, 586, 302, 198, 743, 278, 616, 306, 655, 90, 125, 492, 940, 1269, 1125, 44, 1123, 592, 616, 172, 860, 381, 718, 1120, 427, 391, 608, 125, 1301]
证监会回应“国家队”撤出传闻：完全不符合事实 证金公司将择机增持 [383, 1208, 81, 655, 586, 359, 913, 459, 627, 606, 1302, 1157, 1180, 986, 19, 269, 899, 926, 368, 6, 1007, 1100, 23, 383, 58, 575, 1318, 838, 1226, 242, 937, 420]
证监会：两融业务允许展期  建立逆周期调节机制 [383, 1208, 81, 19, 25, 685, 194, 528, 132, 1280, 646, 278, 23, 108, 338, 387, 180, 76, 278, 90, 791, 242, 544]
证监会：依法查处恶意做空者 [383, 1208, 81, 19, 695, 561, 71, 1161, 139, 884, 699, 912, 1245]
证监会：券商“两融”金额不得超过净资本4倍 [383, 1208, 81, 19, 1040, 720, 359, 25, 685, 606, 58, 526, 926, 849, 344, 878, 303, 551, 860, 1038, 268]
证监会：将相应减少新股发行家数和筹资金额 [383, 1208, 81, 19, 838, 502, 586, 647, 353, 950, 198, 391, 389, 459, 113, 1092, 1154, 551, 58, 526]
证监会：市场化改革的方向没变，也不会变 [383, 1208, 81, 19, 836, 167, 355, 125, 492, 93, 38, 240, 1120, 1301, 842, 152, 926, 81, 1301]
证监会：深港通准备工作顺利 新三板异常成交大幅减少 [383, 1208, 81, 19, 746, 689, 1177, 196, 591, 404, 889, 1239, 1269, 23, 950, 592, 340, 1071, 380, 352, 112, 616, 306, 647, 353]
证监会：股市平稳健康发展关系经济社会发展全局 [383, 1208, 81, 19, 198, 836, 499, 1112, 1307, 711, 391, 646, 987, 751, 56, 57, 717, 81, 391, 646, 899, 718]
证监会：配合做好《证券法》修订 希望尽快安排二审 [383, 1208, 81, 19, 473, 6, 699, 504, 1166, 383, 1040, 561, 98, 497, 816, 23, 686, 1258, 1072, 1227, 1103, 101, 765, 1025]
证金公司买入37只基金重仓股 华夏等71家基金公司243亿元筹码获强援 [383, 58, 575, 1318, 1076, 1141, 788, 458, 821, 172, 58, 388, 393, 198, 23, 1053, 1252, 1123, 458, 292, 459, 172, 58, 575, 1318, 541, 1038, 788, 251, 958, 1154, 1297, 207, 41, 990]
证金公司今后若干年不会退出 已向汇金转让部分股票 [383, 58, 575, 1318, 1136, 183, 1052, 907, 84, 926, 81, 4, 1157, 23, 1150, 240, 1122, 58, 902, 1027, 819, 511, 198, 85]
评许小年的股市谬论 [959, 1280, 432, 84, 93, 198, 836, 629, 790]
财政部：9月底前公布全国性收费编制目录清单 [1023, 630, 819, 19, 953, 513, 187, 313, 575, 422, 899, 913, 447, 712, 728, 763, 544, 667, 829, 192, 808]
财险销售渠道变局：移动端超越第三方平台 [1023, 662, 835, 32, 1022, 822, 1301, 718, 19, 532, 1106, 745, 344, 430, 204, 592, 38, 499, 668]
近两周1300位大股东增持26.8亿股 上市公司增持潮仍在继续 [1054, 25, 76, 292, 788, 33, 33, 803, 616, 198, 696, 937, 420, 541, 208, 862, 713, 251, 198, 23, 182, 836, 575, 1318, 937, 420, 1097, 881, 534, 739, 901]
配资炒股有令难止 记者暗访发现线下操作仍在继续 [473, 551, 602, 198, 427, 890, 631, 1117, 23, 1026, 1245, 1281, 873, 391, 625, 43, 1091, 1204, 889, 881, 534, 739, 901]
重大工程项目资金到位难 银行业将加大支持 [388, 616, 404, 429, 993, 667, 551, 58, 373, 803, 631, 23, 992, 389, 194, 838, 444, 616, 622, 420]
重庆市长黄奇帆见证“马上金融”60秒完成首笔贷款 [388, 1039, 836, 676, 775, 635, 1163, 260, 383, 359, 79, 182, 58, 685, 606, 208, 33, 147, 269, 352, 105, 848, 1278, 1044]
银河长城恢复融券  大型券商并未安排近期跟进 [992, 34, 676, 475, 570, 431, 685, 1040, 23, 108, 616, 408, 1040, 720, 1237, 29, 1103, 101, 1054, 278, 565, 1215]
银行卡欺诈花样翻新  高学历人群中招积存金骗局 [992, 389, 489, 476, 1114, 538, 927, 1238, 950, 23, 108, 1134, 1073, 426, 300, 325, 946, 398, 1231, 1214, 58, 1175, 718]
银行理财收益率瘦身 隐性手续费仍惊人：投资管理费高达兑付收益40% [992, 389, 1030, 1023, 712, 312, 179, 519, 1029, 23, 1225, 447, 471, 901, 728, 881, 1121, 300, 19, 847, 551, 795, 1030, 728, 1134, 463, 143, 190, 712, 312, 1038, 33, 1266]
阿里股价破发员工财富大幅缩水 张勇呼吁员工忘掉股价安心工作 [131, 640, 198, 750, 1311, 391, 64, 404, 1023, 235, 616, 306, 448, 619, 23, 228, 48, 1147, 917, 64, 404, 60, 708, 198, 750, 1103, 549, 404, 889]
险企网销平台泄露客户信息多达1700万条 黑客可查看敏感信息甚至可删除保单信息 [662, 416, 1129, 835, 499, 668, 467, 709, 110, 719, 1065, 1146, 1019, 463, 292, 458, 33, 33, 759, 1138, 23, 656, 110, 903, 71, 1249, 641, 1262, 1065, 1146, 779, 906, 903, 363, 72, 734, 808, 1065, 1146]
险企非犹豫期退保骤增退保资金流入A股 [662, 416, 401, 1193, 1320, 278, 4, 734, 780, 937, 4, 734, 551, 58, 794, 1141, 302, 198]
险资前5个月权益类投资1.655万亿元占比升至16.07% [662, 551, 313, 1276, 202, 513, 632, 312, 830, 847, 551, 292, 862, 208, 1276, 1276, 759, 251, 958, 568, 968, 307, 906, 292, 208, 862, 33, 458, 1266]
高薪银行遭遇“超高薪挖角”：期权成民营银行及互联网金融“抢人神器” [1134, 450, 992, 389, 665, 351, 359, 344, 1134, 450, 858, 477, 606, 19, 278, 632, 352, 928, 614, 992, 389, 802, 929, 1058, 1129, 58, 685, 359, 282, 300, 736, 407, 606]
11家上市银行大股东承诺不减持股份 [292, 292, 459, 182, 836, 992, 389, 616, 198, 696, 833, 977, 926, 647, 420, 198, 161]
13家企业首发申请下周五上会 [292, 788, 459, 416, 194, 105, 391, 294, 1102, 1091, 76, 103, 182, 81]
13张亿元大单难觅知音 地方银行股权转让冰火两重天 [292, 788, 228, 251, 958, 616, 808, 631, 1047, 397, 1043, 23, 533, 38, 992, 389, 198, 632, 902, 1027, 293, 162, 25, 388, 782]
141家公司有股神范  2012年来投资收益持续向好 [292, 1038, 292, 459, 575, 1318, 427, 198, 736, 1244, 23, 108, 541, 33, 292, 541, 84, 157, 847, 551, 712, 312, 420, 901, 240, 504]
21家券商今早兑现1200亿A股维稳出资 [541, 292, 459, 1040, 720, 1136, 75, 143, 625, 292, 541, 33, 33, 251, 302, 198, 957, 1112, 1157, 551]
22家房企7月销售额环比下降逾三成 [541, 541, 459, 792, 416, 458, 513, 835, 32, 526, 861, 968, 1091, 964, 874, 592, 352]
28家新三板企业因违规等行为被采取监管措施 [541, 713, 459, 950, 592, 340, 416, 194, 1139, 370, 1289, 1123, 389, 212, 28, 552, 480, 1208, 795, 784, 1042]
300点巨震后三问A股：主力资金抄底哪些股 [788, 33, 33, 869, 330, 921, 183, 592, 165, 302, 198, 19, 1116, 357, 551, 58, 758, 187, 664, 1018, 198]
38只员工持股破发股或存“捡漏”机会 [788, 713, 821, 64, 404, 420, 198, 1311, 391, 198, 523, 1214, 359, 817, 1084, 606, 242, 81]
46位基金业高管看市：组合救市成效初显估值已到合理区间 [1038, 208, 803, 172, 58, 194, 1134, 795, 1249, 836, 19, 135, 6, 805, 836, 352, 221, 276, 583, 1189, 904, 1150, 373, 6, 1030, 715, 671]
4928亿元股权质押跌破警戒线 [1038, 953, 541, 713, 251, 958, 198, 632, 1153, 130, 1294, 1311, 406, 1078, 43]
4个个人账户遭上交所限制交易 [1038, 202, 202, 300, 703, 719, 665, 182, 112, 384, 980, 544, 112, 1230]
5000点后寻找下一只十倍股 [1276, 33, 33, 33, 869, 183, 582, 539, 1091, 1000, 821, 464, 268, 198]
5月CPI涨1.2%降息降准节奏加快？ [1276, 513, 796, 59, 961, 288, 292, 862, 541, 1266, 964, 1146, 964, 196, 791, 1295, 444, 1227, 299]
5月PMI回升稳增长政策仍需加码 [1276, 513, 59, 639, 961, 655, 307, 1112, 937, 676, 630, 395, 881, 485, 444, 1297]
5月份中国经济稳增长见成效 [1276, 513, 161, 946, 913, 56, 57, 1112, 937, 676, 260, 352, 221]
6月官方PMI环比持平 稳增长政策仍需加力 [208, 513, 493, 38, 59, 639, 961, 861, 968, 420, 499, 23, 1112, 937, 676, 630, 395, 881, 485, 444, 357]
6月财政收入1.53万亿 房地产税收大增 [208, 513, 1023, 630, 712, 1141, 292, 862, 1276, 788, 759, 251, 23, 792, 533, 702, 1168, 712, 616, 937]
7月78家上市公司获重要股东亿元增持 [458, 513, 458, 713, 459, 182, 836, 575, 1318, 207, 388, 0, 198, 696, 251, 958, 937, 420]
7月CPI或上涨1.6% 货币政策料不会受猪价影响 [458, 513, 796, 59, 961, 523, 182, 288, 292, 862, 208, 1266, 23, 1267, 1242, 630, 395, 17, 926, 81, 232, 706, 750, 1148, 638]
7月一线城市房价环比全部上涨  深圳领先 [458, 513, 1000, 43, 475, 836, 792, 750, 861, 968, 899, 819, 182, 288, 23, 108, 746, 626, 265, 880]
7月外汇占款创史上最大降幅 [458, 513, 16, 1122, 568, 1044, 440, 169, 182, 346, 616, 964, 306]
7月银行结售汇再现逆差  资本流出压力加大 [458, 513, 992, 389, 982, 32, 1122, 348, 625, 180, 935, 23, 108, 551, 860, 794, 1157, 514, 357, 444, 616]
7月险资入市资金缩水 账面余额减少近1600亿 [458, 513, 662, 551, 1141, 836, 551, 58, 448, 619, 23, 703, 737, 481, 526, 647, 353, 1054, 292, 208, 33, 33, 251]
8月财新PMI初值创6年多来新低 [713, 513, 1023, 950, 59, 639, 961, 276, 904, 440, 208, 84, 1019, 157, 950, 390]
A股5月成交额为31.2万亿环比小幅增长 [302, 198, 1276, 513, 352, 112, 526, 212, 788, 292, 862, 541, 759, 251, 861, 968, 432, 306, 937, 676]
A股为什么突然涨不动了原因在这 [302, 198, 212, 360, 386, 507, 173, 288, 926, 1106, 1246, 851, 1139, 534, 287]
A股报复性反弹后七大焦点问题解析 [302, 198, 855, 431, 447, 54, 460, 183, 1167, 616, 26, 869, 165, 770, 893, 1253]
A股梦碎“七翻身” 静待八月桂花香 [302, 198, 1075, 1037, 359, 1167, 1238, 1029, 606, 23, 97, 3, 331, 513, 550, 538, 692]
A股短期存隐忧券商下半年最高看8000点 [302, 198, 743, 278, 1214, 1225, 897, 1040, 720, 1091, 723, 84, 346, 1134, 1249, 713, 33, 33, 33, 869]
MSCI对中国A股说“NO”的背后 [639, 806, 796, 961, 1080, 946, 913, 302, 198, 609, 359, 882, 146, 606, 93, 474, 183]
“5.28”暴跌后125亿融资盘涌入银行股 [359, 1276, 862, 541, 713, 606, 122, 1294, 183, 292, 541, 1276, 251, 685, 551, 482, 1251, 1141, 992, 389, 198]
《花千骨》戏外虐战：天象互动转投新三板遇拦路虎 [1166, 538, 1287, 49, 98, 766, 16, 225, 1017, 19, 782, 975, 929, 1106, 902, 847, 950, 592, 340, 351, 1228, 576, 558]
一低再低细品 “低油价盛宴”中的饕餮大餐 [1000, 390, 348, 390, 1107, 1243, 23, 359, 390, 209, 750, 1021, 382, 606, 946, 93, 1131, 1260, 616, 9]
一周入手三公司刘益谦举牌玩上瘾 [1000, 76, 1141, 471, 592, 575, 1318, 768, 312, 1009, 547, 55, 272, 182, 938]
上市公司主动信息披露情况创近3年最佳 [182, 836, 575, 1318, 1116, 1106, 1065, 1146, 371, 709, 1198, 1310, 440, 1054, 788, 84, 346, 669]
上市公司半年报透露券商最新动向 [182, 836, 575, 1318, 723, 84, 855, 1093, 709, 1040, 720, 346, 950, 1106, 240]
下周解禁市值环比将增加一倍多 [1091, 76, 893, 1, 836, 904, 861, 968, 838, 937, 444, 1000, 268, 1019]
东吴证券拟定增募资75亿 国发集团仍为第一大 [696, 244, 383, 1040, 735, 772, 937, 376, 551, 458, 1276, 251, 23, 913, 391, 1291, 1128, 881, 212, 204, 1000, 616]
东富龙控股股东套现5.8亿 [696, 235, 356, 200, 198, 198, 696, 648, 625, 1276, 862, 713, 251]
东方银星董事会改选 股东争斗仍未终局 [696, 38, 992, 107, 155, 1007, 81, 125, 922, 23, 198, 696, 512, 424, 881, 29, 470, 718]
东海证券新三板挂牌半月 遭多家股东大额转让 [696, 1315, 383, 1040, 950, 592, 340, 2, 55, 723, 513, 23, 665, 1019, 459, 198, 696, 616, 526, 902, 1027]
两融余额见1.29万亿新低 第二波去杠杆已强化市场承接力 [25, 685, 481, 526, 260, 292, 862, 541, 953, 759, 251, 950, 390, 23, 204, 765, 1306, 545, 1221, 1049, 1150, 41, 355, 836, 167, 833, 700, 357]
两融规模六连升  融资需求仍待激发 [25, 685, 1289, 610, 496, 488, 307, 23, 108, 685, 551, 485, 65, 881, 3, 1286, 391]
两融降杠杆第二波：国信招商长江跟进提高保证金比例 [25, 685, 964, 1221, 1049, 204, 765, 1306, 19, 913, 1065, 398, 720, 676, 487, 565, 1215, 643, 1134, 734, 383, 58, 968, 1165]
中信证券总部营业部龙虎榜上居首 144亿买入108只股 [946, 1065, 383, 1040, 127, 819, 614, 194, 819, 356, 558, 96, 182, 653, 105, 23, 292, 1038, 1038, 251, 1076, 1141, 292, 33, 713, 821, 198]
中国制造2025领导机构将组建概念股升机 [946, 913, 544, 137, 541, 33, 541, 1276, 265, 339, 242, 263, 838, 135, 338, 423, 83, 198, 307, 242]
中国北车去哪儿了？ [946, 913, 273, 1070, 545, 664, 1079, 1246, 299]
中国南车更名中国中车8日复牌 [946, 913, 321, 1070, 178, 1250, 946, 913, 946, 1070, 713, 1060, 431, 55]
中国和匈牙利签署一带一路文件将推进匈塞铁路建设 [946, 913, 1092, 1164, 1300, 1269, 1085, 748, 1000, 1182, 1000, 576, 1162, 500, 838, 1270, 1215, 1164, 776, 875, 576, 338, 1118]
中天系“抄底”举牌仰帆控股 直逼控制权 [946, 782, 751, 359, 758, 187, 606, 547, 55, 255, 1163, 200, 198, 23, 274, 914, 200, 544, 632]
中房股份控股权谜局：汇金被踢神秘人上位 [946, 792, 198, 161, 200, 198, 632, 786, 718, 19, 1122, 58, 28, 854, 736, 887, 300, 182, 803]
中报披露季将至高送转炒作预期又来临 [946, 855, 371, 709, 1305, 838, 906, 1134, 553, 902, 602, 889, 1089, 278, 1292, 157, 36]
中登公司数据显示：高净值自然人成本轮下跌最大受损者 [946, 1156, 575, 1318, 113, 1074, 583, 1066, 19, 1134, 303, 904, 1144, 173, 300, 352, 860, 410, 1091, 1294, 346, 616, 232, 974, 1245]
中科招商一口气举牌10家公司 [946, 326, 398, 720, 1000, 1222, 354, 547, 55, 292, 33, 459, 575, 1318]
中行发行40亿美元“一带一路”债券 [946, 389, 391, 389, 1038, 33, 251, 433, 958, 359, 1000, 1182, 1000, 576, 606, 1194, 1040]
中金所启动精准维稳IC日内单向开仓交易量限至1200手 [946, 58, 384, 453, 1106, 301, 196, 957, 1112, 961, 796, 1060, 1002, 808, 240, 1159, 393, 112, 1230, 1206, 980, 906, 292, 541, 33, 33, 471]
中铁二局涉嫌短线交易被证监会立案调查 [946, 875, 765, 718, 5, 140, 743, 43, 112, 1230, 28, 383, 1208, 81, 387, 722, 90, 71]
举牌信息现重大差异 西藏旅游继续停牌 [547, 55, 1065, 1146, 625, 388, 616, 935, 1071, 23, 1321, 634, 385, 886, 739, 901, 400, 55]
买买买 624家公司掀起增持潮 [1076, 1076, 1076, 23, 208, 541, 1038, 459, 575, 1318, 587, 650, 937, 420, 1097]
互联网金融基本法落地 资金“存管”还是“托管”争议大 [929, 1058, 1129, 58, 685, 172, 860, 561, 1282, 533, 23, 551, 58, 359, 1214, 795, 606, 1173, 117, 359, 1016, 795, 606, 512, 1110, 616]
五大物流巨头间接入股助力 三泰控股速递易业务发展 [103, 616, 1232, 794, 330, 1190, 671, 700, 1141, 198, 1183, 357, 23, 592, 825, 200, 198, 1099, 414, 1230, 194, 528, 391, 646]
五大维度把脉中国经济走势 [103, 616, 957, 1268, 925, 761, 946, 913, 56, 57, 905, 716]
京津冀六省治污不再审批电解铝等新增产能 [785, 1087, 1152, 496, 1086, 714, 548, 926, 348, 1025, 1317, 457, 893, 1217, 1123, 950, 937, 702, 584]
京浙苏晋有望接棒养老金委托投资 [785, 846, 725, 415, 427, 1258, 700, 645, 337, 177, 58, 1298, 1016, 847, 551]
人社部称将修改完善养老金投资管理办法 [300, 717, 819, 334, 838, 497, 125, 269, 590, 337, 177, 58, 847, 551, 795, 1030, 1263, 561]
人社部：养老金投资运营面临有利时机 [300, 717, 819, 19, 337, 177, 58, 847, 551, 1296, 614, 737, 36, 427, 1269, 828, 242]
今年底新三板挂牌公司数将达4000家 [1136, 84, 187, 950, 592, 340, 2, 55, 575, 1318, 113, 838, 463, 1038, 33, 33, 33, 459]
从“5.30”看监管思路改变 [642, 359, 1276, 862, 788, 33, 606, 1249, 1208, 795, 944, 576, 125, 1301]
信息技术专项检查开始 重点打击非法配资与高频交易 [1065, 1146, 421, 290, 436, 993, 133, 71, 1159, 222, 23, 388, 869, 1130, 151, 401, 561, 473, 551, 517, 1134, 184, 112, 1230]
停牌引发免职“血案”焦作万方股东暗战 [400, 55, 102, 391, 138, 966, 359, 46, 722, 606, 26, 889, 759, 38, 198, 696, 1281, 1017]
先导股份受宠股价接近历史最高价 [880, 339, 198, 161, 232, 611, 198, 750, 700, 1054, 426, 169, 346, 1134, 750]
光大银行提高部分产品配资杠杆 [800, 616, 992, 389, 643, 1134, 819, 511, 702, 1243, 473, 551, 1221, 1049]
光大银行降配资杠杆 伞形信托未见顶风作案 [800, 616, 992, 389, 964, 473, 551, 1221, 1049, 23, 361, 394, 1065, 1016, 29, 260, 253, 484, 889, 722]
八连阳后惊现八年前一幕 沪指单日重挫6.50% [331, 488, 455, 183, 1121, 625, 331, 84, 313, 1000, 319, 23, 620, 264, 808, 1060, 388, 11, 208, 862, 1276, 33, 1266]
军工板块突围为阅兵献礼 [193, 404, 340, 969, 507, 170, 212, 1275, 1151, 1034, 546]
农业板块进可攻退可守继续推荐五大品种 [607, 194, 340, 969, 1215, 903, 61, 4, 903, 1248, 739, 901, 1270, 749, 103, 616, 1243, 962]
刘益谦砸10亿增持不在乎短期涨跌 [768, 312, 1009, 868, 292, 33, 251, 937, 420, 926, 534, 652, 743, 278, 288, 1294]
创兴资源信披违规遭证监会行政处罚 [440, 1235, 551, 1094, 1065, 371, 370, 1289, 665, 383, 1208, 81, 389, 630, 1161, 364]
创新大会临近券商股迎来反弹时间窗口 [440, 950, 616, 81, 36, 1054, 1040, 720, 198, 150, 157, 54, 460, 828, 671, 1155, 1222]
前三季业绩预告六成报喜 牧原股份成“预增王” [313, 592, 1305, 194, 571, 1089, 556, 496, 352, 855, 948, 23, 247, 851, 198, 161, 352, 359, 1089, 937, 261, 606]
北京公积金新政：首套房最低首付20% 二套房30% [273, 785, 575, 1231, 58, 950, 630, 19, 105, 648, 792, 346, 390, 105, 190, 541, 33, 1266, 23, 765, 648, 792, 788, 33, 1266]
北京市政府东迁传言与互联网商业模式 [273, 785, 836, 630, 773, 696, 1045, 1180, 343, 517, 929, 1058, 1129, 720, 194, 610, 270]
北大校友入股西藏旅游 控股股东搬来救兵 [273, 616, 280, 555, 1141, 198, 1321, 634, 385, 886, 23, 200, 198, 198, 696, 1119, 157, 805, 1151]
匹凸匹大股东涉嫌短线交易遭警告并罚款10万 [1115, 994, 1115, 616, 198, 696, 5, 140, 743, 43, 112, 1230, 665, 406, 556, 1237, 364, 1044, 292, 33, 759]
千股十日停复牌：躲闪理由多 归队干货少 [1287, 198, 464, 1060, 400, 431, 55, 19, 375, 495, 1030, 787, 1019, 23, 729, 627, 907, 1267, 353]
华菱星马十大股东半数成谜 富豪学者精准减持 [1053, 411, 107, 79, 464, 616, 198, 696, 723, 113, 352, 786, 23, 235, 30, 1073, 1245, 301, 196, 647, 420]
华菱星马承认半年报披露违规 [1053, 411, 107, 79, 833, 941, 723, 84, 855, 371, 709, 370, 1289]
协鑫集成暴涨10倍背后：光伏产业上半年逆势而上 [965, 820, 1291, 352, 122, 288, 292, 33, 268, 474, 183, 19, 800, 231, 702, 194, 182, 723, 84, 180, 716, 349, 182]
又是谣言 中国神华和中煤能源双双否认合并 [1292, 117, 109, 343, 23, 946, 913, 736, 1053, 1092, 946, 1223, 584, 1094, 314, 314, 857, 941, 6, 1237]
发改委：扩大企业债融资规模支持重点项目建设 [391, 125, 1298, 19, 1309, 616, 416, 194, 1194, 685, 551, 1289, 610, 622, 420, 388, 869, 993, 667, 338, 1118]
史玉柱入手海通证券H股11个交易日浮盈17亿港元 [169, 979, 1101, 1141, 471, 1315, 1177, 383, 1040, 297, 198, 292, 292, 202, 112, 1230, 1060, 80, 124, 292, 458, 251, 689, 958]
国务院十条举措推进财政资金统筹使用 [913, 528, 894, 464, 1138, 547, 784, 1270, 1215, 1023, 630, 551, 58, 347, 1154, 229, 201]
国务院部署互联网+行动三主线掘金概念股 [913, 528, 894, 819, 748, 929, 1058, 1129, 115, 389, 1106, 592, 1116, 43, 1257, 58, 423, 83, 198]
国务院部署加大重点领域有效投资 [913, 528, 894, 819, 748, 444, 616, 388, 869, 265, 237, 427, 221, 847, 551]
国资改革热潮又起  中科汇通再度举牌沙河股份 [913, 551, 125, 492, 574, 1097, 1292, 650, 23, 108, 946, 326, 1122, 1177, 348, 1268, 547, 55, 271, 34, 198, 161]
地方债置换规模或将扩大财政部未置可否？ [533, 38, 1194, 666, 70, 1289, 610, 523, 838, 1309, 616, 1023, 630, 819, 29, 666, 903, 857, 299]
场外去杠杆升级 一些配资公司主动清扫“门前雪” [167, 16, 545, 1221, 1049, 307, 158, 23, 1000, 1018, 473, 551, 575, 1318, 1116, 1106, 192, 494, 359, 1095, 313, 589, 606]
基础测绘规划纲要下发 [172, 73, 963, 114, 1289, 186, 542, 0, 1091, 391]
基金整体高仓位迎暴跌 多只新基金激进建仓闪电被套 [172, 58, 580, 644, 1134, 393, 803, 150, 122, 1294, 23, 1019, 821, 950, 172, 58, 1286, 1215, 338, 393, 495, 457, 28, 648]
增持回购 联通TCL等多家公司在行动 [937, 420, 655, 1108, 23, 1058, 1177, 998, 796, 774, 1123, 1019, 459, 575, 1318, 534, 389, 1106]
增持浪潮激荡A股7月增持市值创纪录 [937, 420, 409, 1097, 1286, 654, 302, 198, 458, 513, 937, 420, 836, 904, 440, 289, 829]
大小王暗中交手 焦作万方罢免董秘戏中有戏 [616, 432, 261, 1281, 946, 112, 471, 23, 26, 889, 759, 38, 733, 138, 155, 887, 766, 946, 427, 766]
大手笔减持催“升”短线股价 [616, 471, 848, 647, 420, 452, 359, 307, 606, 743, 43, 198, 750]
大盘V形反转机构游资共推反弹 [616, 482, 8, 394, 54, 902, 242, 263, 886, 551, 166, 1270, 54, 460]
大盘巨震机构热情不减 28股新纳入调研名单 [616, 482, 330, 921, 242, 263, 574, 1198, 926, 647, 23, 541, 713, 198, 950, 374, 1141, 90, 99, 1250, 808]
大跌之后从定增破发股中寻找潜力股 [616, 1294, 1124, 183, 642, 772, 937, 1311, 391, 198, 946, 582, 539, 704, 357, 198]
大逆转 大反思 大洗牌 [616, 180, 902, 23, 616, 54, 944, 23, 616, 1254, 55]
央行副行长：稳步扩大境内外股市互联互通 [707, 389, 435, 389, 676, 19, 1112, 815, 1309, 616, 680, 1002, 16, 198, 836, 929, 1058, 929, 1177]
央行开展1400亿SLO 意在稳住资金面 [707, 389, 1159, 646, 292, 1038, 33, 33, 251, 806, 774, 146, 23, 884, 534, 1112, 315, 551, 58, 737]
央行：5月通过MLF净收回250亿未开展SLF操作 [707, 389, 19, 1276, 513, 1177, 878, 639, 774, 220, 303, 712, 655, 541, 1276, 33, 251, 29, 1159, 646, 806, 774, 220, 1204, 889]
央行：境外机构投资银行间债市不预设条件 [707, 389, 19, 680, 16, 242, 263, 847, 551, 992, 389, 671, 1194, 836, 926, 1089, 1118, 1138, 500]
存款纠纷多发银监会发文加强银行内控 [1214, 1044, 564, 219, 1019, 391, 992, 1208, 81, 391, 1162, 444, 41, 992, 389, 1002, 200]
定增价大幅倒挂 五家上市券商陷尴尬 [772, 937, 750, 616, 306, 521, 2, 23, 103, 459, 182, 836, 1040, 720, 827, 1126, 1032]
已经输给了贪婪 不要再输给恐惧 [1150, 56, 520, 563, 1246, 777, 91, 23, 926, 0, 348, 520, 563, 329, 1069]
巴菲特仍爱蓝筹股 索罗斯大幅减持阿里百度 [1284, 308, 731, 881, 624, 705, 1154, 198, 23, 807, 684, 537, 616, 306, 647, 420, 131, 640, 831, 1268]
市场最艰难时期已过去 信心初步恢复 [836, 167, 346, 438, 631, 828, 278, 1150, 878, 545, 23, 1065, 549, 276, 815, 570, 431]
广州国企改革方案出炉 [175, 153, 913, 416, 125, 492, 38, 722, 1157, 839]
开南系选举新董事 *ST新梅“双头董事会”形成 [1159, 321, 751, 922, 547, 950, 155, 1007, 23, 1185, 806, 998, 950, 1160, 359, 314, 1190, 155, 1007, 81, 606, 394, 352]
徐翔之母郑素贞30亿入主大恒科技惊动证监会发行部发反馈意见 [898, 506, 1124, 310, 227, 853, 128, 788, 33, 251, 1141, 1116, 616, 560, 326, 421, 1121, 1106, 383, 1208, 81, 391, 389, 819, 391, 54, 659, 884, 260]
房产税法来了 地产股怎么办 [792, 702, 1168, 561, 157, 1246, 23, 533, 702, 198, 844, 386, 1263]
房地产税法正式纳入我国立法规划 [792, 533, 702, 1168, 561, 1205, 270, 374, 1141, 599, 913, 387, 561, 1289, 186]
打击炒新仍要进一步弥补制度漏洞 [1130, 151, 602, 950, 881, 0, 1215, 1000, 815, 111, 892, 544, 1268, 1084, 22]
报价系统发布非公开发行公司债业务指引 [855, 750, 751, 347, 391, 422, 401, 575, 1159, 391, 389, 575, 1318, 1194, 194, 528, 264, 102]
招商地产将实施重大资产重组 [398, 720, 533, 702, 838, 1100, 1042, 388, 616, 551, 702, 388, 135]
持股4.99%现象频现 醉翁之意若何？ [420, 198, 1038, 862, 953, 953, 1266, 625, 975, 184, 625, 23, 246, 918, 1124, 884, 1052, 145, 299]
挤压非法高杠杆 利于长远健康发展 [856, 514, 401, 561, 1134, 1221, 1049, 23, 1269, 598, 676, 973, 1307, 711, 391, 646]
摸底房企融资需求银行间市场REITs将破冰 [87, 187, 792, 416, 685, 551, 485, 65, 992, 389, 671, 836, 167, 670, 1288, 961, 998, 826, 838, 1311, 293]
政府维护股市稳定发展决心信心没变 [630, 773, 957, 679, 198, 836, 1112, 772, 391, 646, 865, 549, 1065, 549, 1120, 1301]
政府采购领域已建立失信黑名单制度 [630, 773, 552, 1108, 265, 237, 1150, 338, 387, 118, 1065, 656, 1250, 808, 544, 1268]
政治局会议释出哪些信号？ [630, 714, 718, 81, 1110, 1125, 1157, 664, 1018, 1065, 1308, 299]
断崖式下跌与高杠杆之殇 [1031, 691, 270, 1091, 1294, 517, 1134, 1221, 1049, 1124, 1024]
新一批私募加紧成立产品逢低建仓为入市拼速度不拼规模 [950, 1000, 1317, 45, 376, 444, 789, 352, 387, 702, 1243, 531, 390, 338, 393, 212, 1141, 836, 174, 1099, 1268, 926, 174, 1289, 610]
新一轮打新盛宴开启 [950, 1000, 410, 1130, 950, 1021, 382, 1159, 453]
新三板近千次定增多为“补血” 大股东参与度偏低但收益率高 [950, 592, 340, 1054, 1287, 443, 772, 937, 1019, 212, 359, 892, 46, 606, 23, 616, 198, 696, 134, 517, 1268, 1127, 390, 594, 712, 312, 179, 1134]
新华百货股权之争再起波澜 [950, 1053, 831, 1267, 198, 632, 1124, 512, 348, 650, 1306, 769]
新疆可再生能源十三五规划有望6月报审 [950, 760, 903, 348, 608, 584, 1094, 464, 592, 103, 1289, 186, 427, 1258, 208, 513, 855, 1025]
暴涨暴跌或成新常态券商股暂回避 [122, 288, 122, 1294, 523, 352, 950, 380, 259, 1040, 720, 198, 919, 655, 840]
暴风科技为保业绩转让部分暴风魔镜股权 [122, 484, 326, 421, 212, 734, 194, 571, 902, 1027, 819, 511, 122, 484, 1322, 203, 198, 632]
最大分级基金富国国企改革下折 [346, 616, 511, 158, 172, 58, 235, 913, 913, 416, 125, 492, 1091, 1096]
有感“传销式”荐股 [427, 1262, 359, 1180, 835, 270, 606, 749, 198]
有能力有信心防止区域性系统性风险 [427, 584, 357, 427, 1065, 549, 866, 1117, 715, 237, 447, 751, 347, 447, 484, 662]
本轮反弹行情诞生五个“妖股” [860, 410, 54, 460, 389, 1198, 1137, 608, 103, 202, 359, 595, 198, 606]
朱光耀：中国有信心保持股市健康发展 [850, 800, 809, 19, 946, 913, 427, 1065, 549, 734, 420, 198, 836, 1307, 711, 391, 646]
权重股只手擎天 护盘行情延续 [632, 388, 198, 821, 471, 316, 782, 23, 679, 482, 389, 1198, 1316, 901]
楼市再迎利好 [585, 836, 348, 150, 1269, 504]
正式处罚落定两公司股民索赔全面启动 [1205, 270, 1161, 364, 1282, 772, 25, 575, 1318, 198, 928, 807, 562, 899, 737, 453, 1106]
汉能为何不能披露关联方财务指标？ [309, 584, 212, 145, 926, 584, 371, 709, 987, 1058, 38, 1023, 528, 264, 425, 299]
江苏银行IPO规模约百亿 不会立即启动发行 [487, 725, 992, 389, 961, 59, 146, 1289, 610, 981, 831, 251, 23, 926, 81, 387, 1313, 453, 1106, 391, 389]
沪自贸区新一轮金改方案初步形成 [620, 1144, 210, 715, 950, 1000, 410, 58, 125, 38, 722, 276, 815, 394, 352]
深挖国企改革投资机会从热门主题中找冷门股 [746, 858, 913, 416, 125, 492, 847, 551, 242, 81, 642, 574, 1095, 1116, 770, 946, 539, 543, 1095, 198]
清理配资加速P2P行业洗牌 风投偏爱“实”公司 [192, 1030, 473, 551, 444, 1099, 59, 541, 59, 389, 194, 1254, 55, 23, 484, 847, 1127, 624, 359, 1100, 606, 575, 1318]
湖北能源80亿债务压顶 三峡集团注入新能源资产接盘 [1212, 273, 584, 1094, 713, 33, 251, 1194, 528, 514, 253, 23, 592, 891, 1291, 1128, 909, 1141, 950, 584, 1094, 551, 702, 700, 482]
滞涨股或启动补涨三指标筛选潜力股 [1200, 288, 198, 523, 453, 1106, 892, 288, 592, 264, 425, 651, 922, 704, 357, 198]
火线维稳：一个月72家上市公司推员工持股计划 [162, 43, 957, 1112, 19, 1000, 202, 513, 458, 541, 459, 182, 836, 575, 1318, 1270, 64, 404, 420, 198, 362, 186]
炒房又现疯狂半年赚了十年的工资 [602, 792, 1292, 625, 883, 305, 723, 84, 399, 1246, 464, 84, 93, 404, 551]
牛市下半场风口大激辩：风格转换不易成长仍是主流 [483, 836, 1091, 723, 167, 484, 1222, 616, 1286, 369, 19, 484, 381, 902, 70, 926, 1230, 352, 676, 881, 117, 1116, 794]
牛市后半程持仓结构是关键 [483, 836, 183, 723, 429, 420, 393, 982, 263, 117, 987, 1006]
王亚伟前海人寿闻腥“围猎”华联控股 [261, 275, 296, 313, 1315, 300, 915, 986, 732, 359, 170, 1011, 606, 1053, 1058, 200, 198]
王亚伟投资手法拆解 [261, 275, 296, 847, 551, 471, 561, 636, 893]
瑞银：央行应再降息25个基点 [871, 992, 19, 707, 389, 586, 348, 964, 1146, 541, 1276, 202, 172, 869]
神秘人举牌西藏旅游被查 “弘俊系”悄然浮出水面 [736, 887, 300, 547, 55, 1321, 634, 385, 886, 28, 71, 23, 359, 417, 810, 751, 606, 1179, 173, 80, 1157, 619, 737]
神秘人豪掷17亿入股达意隆华声股份 [736, 887, 300, 30, 1199, 292, 458, 251, 1141, 198, 463, 884, 478, 1053, 942, 198, 161]
稳市亮大招 央行撑证金公司流动性 [1112, 836, 623, 616, 398, 23, 707, 389, 845, 383, 58, 575, 1318, 794, 1106, 447]
第三方支付监管：国外政策更严手续更繁琐 [204, 592, 38, 622, 190, 1208, 795, 19, 913, 16, 630, 395, 178, 283, 471, 901, 178, 92, 74]
维稳组合拳再出重拳IPO发行按下暂缓键 [957, 1112, 135, 6, 1077, 348, 1157, 388, 1077, 961, 59, 146, 391, 389, 1090, 1091, 919, 601, 1006]
美联储闹乌龙 自曝加息机密 [433, 1058, 783, 86, 724, 356, 23, 1144, 888, 444, 1146, 242, 116]
联手国际对冲基金做空A股？中信证券：涉事公司股权去年已转让 [1058, 471, 913, 439, 1080, 456, 172, 58, 699, 912, 302, 198, 299, 946, 1065, 383, 1040, 19, 5, 1007, 575, 1318, 198, 632, 545, 84, 1150, 902, 1027]
股市健康慢牛需要降杠杆 [198, 836, 1307, 711, 403, 483, 485, 0, 964, 1221, 1049]
股市危情72小时  监管层打出维稳组合拳 [198, 836, 498, 1198, 458, 541, 432, 828, 23, 108, 1208, 795, 1197, 1130, 1157, 957, 1112, 135, 6, 1077]
股市维稳持续加码 有钱出钱有力出力 [198, 836, 957, 1112, 420, 901, 444, 1297, 23, 427, 863, 1157, 863, 427, 357, 1157, 357]
股转系统严查新三板垫资开户 券商月底前交自查报告 [198, 902, 751, 347, 283, 71, 950, 592, 340, 1184, 551, 1159, 719, 23, 1040, 720, 513, 187, 313, 112, 1144, 71, 855, 556]
董事长遭举报 四川长虹股价逆市大涨 [155, 1007, 676, 665, 547, 855, 23, 1061, 1028, 676, 673, 198, 750, 180, 836, 616, 288]
董监高减持间接持股也应严格禁止 [155, 1208, 1134, 647, 420, 671, 700, 420, 198, 152, 586, 283, 381, 1, 1117]
董监高闪辞有违对上市公司忠实义务 [155, 1208, 1134, 495, 442, 427, 370, 1080, 182, 836, 575, 1318, 1304, 1100, 637, 528]
融资担保设立门槛大幅提高 严禁变相吸存放贷 [685, 551, 877, 734, 1118, 387, 1095, 21, 616, 306, 643, 1134, 23, 283, 1, 1301, 502, 39, 1214, 44, 1278]
证券公司信息系统外接情况自查结束 [383, 1040, 575, 1318, 1065, 1146, 751, 347, 16, 700, 1198, 1310, 1144, 71, 982, 324]
证监会严查场外配资券商不得违规参与 [383, 1208, 81, 283, 71, 167, 16, 473, 551, 1040, 720, 926, 849, 370, 1289, 134, 517]
证监会严查造谣者  执法力度不断升级 [383, 1208, 81, 283, 71, 137, 109, 1245, 23, 108, 159, 561, 357, 1268, 926, 1031, 307, 158]
证监会回应股市下跌：市场自发调整结果 [383, 1208, 81, 655, 586, 198, 836, 1091, 1294, 19, 836, 167, 1144, 391, 90, 580, 982, 936]
证监会盘中“维稳” 股指收获三连阳 [383, 1208, 81, 482, 946, 359, 957, 1112, 606, 23, 198, 264, 712, 207, 592, 488, 455]
证监会网信办联合规范场外配资 [383, 1208, 81, 1129, 1065, 1263, 1058, 6, 1289, 1244, 167, 16, 473, 551]
证监会行政处罚听证规则征求意见 [383, 1208, 81, 389, 630, 1161, 364, 322, 383, 1289, 1256, 991, 65, 884, 260]
证监会：将加强债市监管投资者应强化风险意识 [383, 1208, 81, 19, 838, 444, 41, 1194, 836, 1208, 795, 847, 551, 1245, 586, 41, 355, 484, 662, 884, 469]
证金公司入列多家公司十大股东 [383, 58, 575, 1318, 1141, 104, 1019, 459, 575, 1318, 464, 616, 198, 696]
证金公司成为梅雁吉祥最大股东 [383, 58, 575, 1318, 352, 212, 1160, 1195, 266, 675, 346, 616, 198, 696]
证金公司扫货清单渐次曝光 进驻48家公司 [383, 58, 575, 1318, 494, 1267, 192, 808, 1012, 443, 888, 800, 23, 1215, 503, 1038, 713, 459, 575, 1318]
谨防成为分级B的接盘侠 [27, 866, 352, 212, 511, 158, 920, 93, 700, 482, 1264]
财政部发文肯定互联网彩票 [1023, 630, 819, 391, 1162, 1033, 772, 929, 1058, 1129, 812, 85]
逾百家上市公司今复牌 停牌公司“消化”近半 [874, 831, 459, 182, 836, 575, 1318, 1136, 431, 55, 23, 400, 55, 575, 1318, 359, 267, 355, 606, 1054, 723]
配资公司涌现新面孔  一手资金贩子业务照旧做 [473, 551, 575, 1318, 1251, 625, 950, 737, 1247, 23, 108, 1000, 471, 551, 58, 1240, 559, 194, 528, 660, 1224, 699]
银行同业存单剧增今年发行额将突破2万亿 [992, 389, 1010, 194, 1214, 808, 896, 937, 1136, 84, 391, 389, 526, 838, 507, 1311, 541, 759, 251]
银行股集体走强逾15亿元资金抢筹6只个股 [992, 389, 198, 1291, 644, 905, 41, 874, 292, 1276, 251, 958, 551, 58, 282, 1154, 208, 821, 202, 198]
降息降准效果渐显 6月M2增速远超预期 [964, 1146, 964, 196, 221, 936, 1012, 583, 23, 208, 513, 639, 541, 937, 1099, 973, 344, 1089, 278]
险资维稳持续买入 近日加仓超千亿 [662, 551, 957, 1112, 420, 901, 1076, 1141, 23, 1054, 1060, 444, 393, 344, 1287, 251]
高考7日开考近千万人报名 高考概念股应运而生 [1134, 755, 458, 1060, 1159, 755, 1054, 1287, 759, 300, 855, 1250, 23, 1134, 755, 423, 83, 198, 586, 1296, 349, 608]
高速公路长期收费短期利好 长期影响不大 [1134, 1099, 575, 576, 676, 278, 712, 728, 743, 278, 1269, 504, 23, 676, 278, 1148, 638, 926, 616]
齐鲁银行盘中惊现1分钱超低成交价 [1209, 834, 992, 389, 482, 946, 1121, 625, 292, 511, 863, 344, 390, 352, 112, 750]
